datetime;date;login;platform;platform_name;publisher_name;rtype;mime;print_identifier;online_identifier;title_id;doi;publication_title;publication_date;unitid;domain;on_campus;log_id;ezpaarse_version;ezpaarse_date;middlewares_version;middlewares_date;platforms_version;platforms_date;middlewares;title;type;subject;geoip-country;geoip-latitude;geoip-longitude;host;identd;url;status;size
2023-09-16T06:14:37+02:00;2023-09-16;5f216e1e58930ad5d8562a6e909609d4eaa3eb45;europresse;Europresse;CEDROM-SNi;ARTICLE;PDF;;;;;;;pdf·20230916·NIC_P·1;nouveau.europresse.com;N;872e3c2a75b64a7446c1acbb0b41510102fb1a56;3.9.2;2023-09-25;1df4e1f;2023-07-26;70ae7649;2023-09-22;filter, parser, deduplicator, istex, crossref, sudoc, hal, enhancer, geolocalizer, cut, on-campus-counter, qualifier, anonymizer;;;;FR;47.2709;-1.3391;86faa8ddd5b4029ebe065d665f44503f412d192b;;https://nouveau.europresse.com:443/Pdf/ImageList?docName=pdf%C2%B720230916%C2%B7NIC_P%C2%B71;200;1243
2023-09-16T06:15:03+02:00;2023-09-16;5f216e1e58930ad5d8562a6e909609d4eaa3eb45;europresse;Europresse;CEDROM-SNi;ARTICLE;PDF;;;;;;;pdf·20230916·NIC_P·2;nouveau.europresse.com;N;84954c8f1f258be9b0fc6487b8451bfef3885a45;3.9.2;2023-09-25;1df4e1f;2023-07-26;70ae7649;2023-09-22;filter, parser, deduplicator, istex, crossref, sudoc, hal, enhancer, geolocalizer, cut, on-campus-counter, qualifier, anonymizer;;;;FR;47.2709;-1.3391;86faa8ddd5b4029ebe065d665f44503f412d192b;;https://nouveau.europresse.com:443/Pdf/ImageList?docName=pdf%C2%B720230916%C2%B7NIC_P%C2%B72;200;1243
2023-09-16T06:16:18+02:00;2023-09-16;5f216e1e58930ad5d8562a6e909609d4eaa3eb45;europresse;Europresse;CEDROM-SNi;ARTICLE;PDF;;;;;;;pdf·20230916·NIC_P·3;nouveau.europresse.com;N;79ceb2a9b9571f9183dda527fa1b05c6afbb6712;3.9.2;2023-09-25;1df4e1f;2023-07-26;70ae7649;2023-09-22;filter, parser, deduplicator, istex, crossref, sudoc, hal, enhancer, geolocalizer, cut, on-campus-counter, qualifier, anonymizer;;;;FR;47.2709;-1.3391;86faa8ddd5b4029ebe065d665f44503f412d192b;;https://nouveau.europresse.com:443/Pdf/ImageList?docName=pdf%C2%B720230916%C2%B7NIC_P%C2%B73;200;1243
2023-09-16T06:18:26+02:00;2023-09-16;5f216e1e58930ad5d8562a6e909609d4eaa3eb45;europresse;Europresse;CEDROM-SNi;ARTICLE;PDF;;;;;;;pdf·20230916·NIC_P·4;nouveau.europresse.com;N;ccba5a897710f127b0368f350e162ae16a6a1368;3.9.2;2023-09-25;1df4e1f;2023-07-26;70ae7649;2023-09-22;filter, parser, deduplicator, istex, crossref, sudoc, hal, enhancer, geolocalizer, cut, on-campus-counter, qualifier, anonymizer;;;;FR;47.2709;-1.3391;86faa8ddd5b4029ebe065d665f44503f412d192b;;https://nouveau.europresse.com:443/Pdf/ImageList?docName=pdf%C2%B720230916%C2%B7NIC_P%C2%B74;200;1243
2023-09-16T06:18:52+02:00;2023-09-16;5f216e1e58930ad5d8562a6e909609d4eaa3eb45;europresse;Europresse;CEDROM-SNi;ARTICLE;PDF;;;;;;;pdf·20230916·NIC_P·5;nouveau.europresse.com;N;ed73f7f6ebb0703cc407af1e4c45dafa6d0a21e2;3.9.2;2023-09-25;1df4e1f;2023-07-26;70ae7649;2023-09-22;filter, parser, deduplicator, istex, crossref, sudoc, hal, enhancer, geolocalizer, cut, on-campus-counter, qualifier, anonymizer;;;;FR;47.2709;-1.3391;86faa8ddd5b4029ebe065d665f44503f412d192b;;https://nouveau.europresse.com:443/Pdf/ImageList?docName=pdf%C2%B720230916%C2%B7NIC_P%C2%B75;200;1243
2023-09-16T06:19:17+02:00;2023-09-16;5f216e1e58930ad5d8562a6e909609d4eaa3eb45;europresse;Europresse;CEDROM-SNi;ARTICLE;PDF;;;;;;;pdf·20230916·NIC_P·6;nouveau.europresse.com;N;a6d66ea77e1fb52c8df860a3f793a16bfcdb17f2;3.9.2;2023-09-25;1df4e1f;2023-07-26;70ae7649;2023-09-22;filter, parser, deduplicator, istex, crossref, sudoc, hal, enhancer, geolocalizer, cut, on-campus-counter, qualifier, anonymizer;;;;FR;47.2709;-1.3391;86faa8ddd5b4029ebe065d665f44503f412d192b;;https://nouveau.europresse.com:443/Pdf/ImageList?docName=pdf%C2%B720230916%C2%B7NIC_P%C2%B76;200;1243
2023-09-16T06:19:25+02:00;2023-09-16;5f216e1e58930ad5d8562a6e909609d4eaa3eb45;europresse;Europresse;CEDROM-SNi;ARTICLE;PDF;;;;;;;pdf·20230916·NIC_P·7;nouveau.europresse.com;N;d4d222e5658fd7c73fb4792a8834a2745aaee7e9;3.9.2;2023-09-25;1df4e1f;2023-07-26;70ae7649;2023-09-22;filter, parser, deduplicator, istex, crossref, sudoc, hal, enhancer, geolocalizer, cut, on-campus-counter, qualifier, anonymizer;;;;FR;47.2709;-1.3391;86faa8ddd5b4029ebe065d665f44503f412d192b;;https://nouveau.europresse.com:443/Pdf/ImageList?docName=pdf%C2%B720230916%C2%B7NIC_P%C2%B77;200;1243
2023-09-16T06:19:35+02:00;2023-09-16;5f216e1e58930ad5d8562a6e909609d4eaa3eb45;europresse;Europresse;CEDROM-SNi;ARTICLE;PDF;;;;;;;pdf·20230916·NIC_P·8;nouveau.europresse.com;N;ea30181e34fa7cc1018d21459fb4189d1678a75c;3.9.2;2023-09-25;1df4e1f;2023-07-26;70ae7649;2023-09-22;filter, parser, deduplicator, istex, crossref, sudoc, hal, enhancer, geolocalizer, cut, on-campus-counter, qualifier, anonymizer;;;;FR;47.2709;-1.3391;86faa8ddd5b4029ebe065d665f44503f412d192b;;https://nouveau.europresse.com:443/Pdf/ImageList?docName=pdf%C2%B720230916%C2%B7NIC_P%C2%B78;200;1243
2023-09-16T06:20:00+02:00;2023-09-16;5f216e1e58930ad5d8562a6e909609d4eaa3eb45;europresse;Europresse;CEDROM-SNi;ARTICLE;PDF;;;;;;;pdf·20230916·NIC_P·9;nouveau.europresse.com;N;a85e55b2bd7d904e58913626a47092be76cc7e85;3.9.2;2023-09-25;1df4e1f;2023-07-26;70ae7649;2023-09-22;filter, parser, deduplicator, istex, crossref, sudoc, hal, enhancer, geolocalizer, cut, on-campus-counter, qualifier, anonymizer;;;;FR;47.2709;-1.3391;86faa8ddd5b4029ebe065d665f44503f412d192b;;https://nouveau.europresse.com:443/Pdf/ImageList?docName=pdf%C2%B720230916%C2%B7NIC_P%C2%B79;200;1243
2023-09-16T06:20:20+02:00;2023-09-16;5f216e1e58930ad5d8562a6e909609d4eaa3eb45;europresse;Europresse;CEDROM-SNi;ARTICLE;PDF;;;;;;;pdf·20230916·NIC_P·10;nouveau.europresse.com;N;8ad0c48d23f0652b27fff8632a12ad2e77c9d8fb;3.9.2;2023-09-25;1df4e1f;2023-07-26;70ae7649;2023-09-22;filter, parser, deduplicator, istex, crossref, sudoc, hal, enhancer, geolocalizer, cut, on-campus-counter, qualifier, anonymizer;;;;FR;47.2709;-1.3391;86faa8ddd5b4029ebe065d665f44503f412d192b;;https://nouveau.europresse.com:443/Pdf/ImageList?docName=pdf%C2%B720230916%C2%B7NIC_P%C2%B710;200;1243
2023-09-16T06:20:26+02:00;2023-09-16;5f216e1e58930ad5d8562a6e909609d4eaa3eb45;europresse;Europresse;CEDROM-SNi;ARTICLE;PDF;;;;;;;pdf·20230916·NIC_P·11;nouveau.europresse.com;N;07216e13e81d1cb24a470554f16a4004a61e15eb;3.9.2;2023-09-25;1df4e1f;2023-07-26;70ae7649;2023-09-22;filter, parser, deduplicator, istex, crossref, sudoc, hal, enhancer, geolocalizer, cut, on-campus-counter, qualifier, anonymizer;;;;FR;47.2709;-1.3391;86faa8ddd5b4029ebe065d665f44503f412d192b;;https://nouveau.europresse.com:443/Pdf/ImageList?docName=pdf%C2%B720230916%C2%B7NIC_P%C2%B711;200;1242
2023-09-16T06:20:34+02:00;2023-09-16;5f216e1e58930ad5d8562a6e909609d4eaa3eb45;europresse;Europresse;CEDROM-SNi;ARTICLE;PDF;;;;;;;pdf·20230916·NIC_P·12;nouveau.europresse.com;N;16656aafe14209f4adc27e6877fd1743b80a64b5;3.9.2;2023-09-25;1df4e1f;2023-07-26;70ae7649;2023-09-22;filter, parser, deduplicator, istex, crossref, sudoc, hal, enhancer, geolocalizer, cut, on-campus-counter, qualifier, anonymizer;;;;FR;47.2709;-1.3391;86faa8ddd5b4029ebe065d665f44503f412d192b;;https://nouveau.europresse.com:443/Pdf/ImageList?docName=pdf%C2%B720230916%C2%B7NIC_P%C2%B712;200;1243
2023-09-16T06:20:45+02:00;2023-09-16;5f216e1e58930ad5d8562a6e909609d4eaa3eb45;europresse;Europresse;CEDROM-SNi;ARTICLE;PDF;;;;;;;pdf·20230916·NIC_P·13;nouveau.europresse.com;N;d8102b3e93a5b7a0fa879fd0efad2496418841f1;3.9.2;2023-09-25;1df4e1f;2023-07-26;70ae7649;2023-09-22;filter, parser, deduplicator, istex, crossref, sudoc, hal, enhancer, geolocalizer, cut, on-campus-counter, qualifier, anonymizer;;;;FR;47.2709;-1.3391;86faa8ddd5b4029ebe065d665f44503f412d192b;;https://nouveau.europresse.com:443/Pdf/ImageList?docName=pdf%C2%B720230916%C2%B7NIC_P%C2%B713;200;1243
2023-09-16T06:20:52+02:00;2023-09-16;5f216e1e58930ad5d8562a6e909609d4eaa3eb45;europresse;Europresse;CEDROM-SNi;ARTICLE;PDF;;;;;;;pdf·20230916·NIC_P·14;nouveau.europresse.com;N;090369f92723fe77a4ccf654d1481a4088437bd0;3.9.2;2023-09-25;1df4e1f;2023-07-26;70ae7649;2023-09-22;filter, parser, deduplicator, istex, crossref, sudoc, hal, enhancer, geolocalizer, cut, on-campus-counter, qualifier, anonymizer;;;;FR;47.2709;-1.3391;86faa8ddd5b4029ebe065d665f44503f412d192b;;https://nouveau.europresse.com:443/Pdf/ImageList?docName=pdf%C2%B720230916%C2%B7NIC_P%C2%B714;200;1243
2023-09-16T06:21:00+02:00;2023-09-16;5f216e1e58930ad5d8562a6e909609d4eaa3eb45;europresse;Europresse;CEDROM-SNi;ARTICLE;PDF;;;;;;;pdf·20230916·NIC_P·15;nouveau.europresse.com;N;edc15d0e4fefdbbb1d9c804635d834d9ff023ec7;3.9.2;2023-09-25;1df4e1f;2023-07-26;70ae7649;2023-09-22;filter, parser, deduplicator, istex, crossref, sudoc, hal, enhancer, geolocalizer, cut, on-campus-counter, qualifier, anonymizer;;;;FR;47.2709;-1.3391;86faa8ddd5b4029ebe065d665f44503f412d192b;;https://nouveau.europresse.com:443/Pdf/ImageList?docName=pdf%C2%B720230916%C2%B7NIC_P%C2%B715;200;1243
2023-09-16T06:21:32+02:00;2023-09-16;5f216e1e58930ad5d8562a6e909609d4eaa3eb45;europresse;Europresse;CEDROM-SNi;ARTICLE;PDF;;;;;;;pdf·20230916·NIC_P·16;nouveau.europresse.com;N;c15054ca038794648b6df618c494bc271f141bab;3.9.2;2023-09-25;1df4e1f;2023-07-26;70ae7649;2023-09-22;filter, parser, deduplicator, istex, crossref, sudoc, hal, enhancer, geolocalizer, cut, on-campus-counter, qualifier, anonymizer;;;;FR;47.2709;-1.3391;86faa8ddd5b4029ebe065d665f44503f412d192b;;https://nouveau.europresse.com:443/Pdf/ImageList?docName=pdf%C2%B720230916%C2%B7NIC_P%C2%B716;200;1243
2023-09-16T06:22:03+02:00;2023-09-16;5f216e1e58930ad5d8562a6e909609d4eaa3eb45;europresse;Europresse;CEDROM-SNi;ARTICLE;PDF;;;;;;;pdf·20230916·NIC_P·17;nouveau.europresse.com;N;8f0484d20318f7e86e012e12b14bc0835bdfc08d;3.9.2;2023-09-25;1df4e1f;2023-07-26;70ae7649;2023-09-22;filter, parser, deduplicator, istex, crossref, sudoc, hal, enhancer, geolocalizer, cut, on-campus-counter, qualifier, anonymizer;;;;FR;47.2709;-1.3391;86faa8ddd5b4029ebe065d665f44503f412d192b;;https://nouveau.europresse.com:443/Pdf/ImageList?docName=pdf%C2%B720230916%C2%B7NIC_P%C2%B717;200;1243
2023-09-16T06:22:09+02:00;2023-09-16;5f216e1e58930ad5d8562a6e909609d4eaa3eb45;europresse;Europresse;CEDROM-SNi;ARTICLE;PDF;;;;;;;pdf·20230916·NIC_P·18;nouveau.europresse.com;N;4459fc409e9dffb27fe20c8cff272b6185aca85f;3.9.2;2023-09-25;1df4e1f;2023-07-26;70ae7649;2023-09-22;filter, parser, deduplicator, istex, crossref, sudoc, hal, enhancer, geolocalizer, cut, on-campus-counter, qualifier, anonymizer;;;;FR;47.2709;-1.3391;86faa8ddd5b4029ebe065d665f44503f412d192b;;https://nouveau.europresse.com:443/Pdf/ImageList?docName=pdf%C2%B720230916%C2%B7NIC_P%C2%B718;200;1243
2023-09-16T06:22:15+02:00;2023-09-16;5f216e1e58930ad5d8562a6e909609d4eaa3eb45;europresse;Europresse;CEDROM-SNi;ARTICLE;PDF;;;;;;;pdf·20230916·NIC_P·19;nouveau.europresse.com;N;abc3f7374b959b470d99ee7370ed2f66e67880e7;3.9.2;2023-09-25;1df4e1f;2023-07-26;70ae7649;2023-09-22;filter, parser, deduplicator, istex, crossref, sudoc, hal, enhancer, geolocalizer, cut, on-campus-counter, qualifier, anonymizer;;;;FR;47.2709;-1.3391;86faa8ddd5b4029ebe065d665f44503f412d192b;;https://nouveau.europresse.com:443/Pdf/ImageList?docName=pdf%C2%B720230916%C2%B7NIC_P%C2%B719;200;1243
2023-09-16T06:22:28+02:00;2023-09-16;5f216e1e58930ad5d8562a6e909609d4eaa3eb45;europresse;Europresse;CEDROM-SNi;ARTICLE;PDF;;;;;;;pdf·20230916·NIC_P·20;nouveau.europresse.com;N;bd7e8b8e257844793c53c9b834467d94020ecef9;3.9.2;2023-09-25;1df4e1f;2023-07-26;70ae7649;2023-09-22;filter, parser, deduplicator, istex, crossref, sudoc, hal, enhancer, geolocalizer, cut, on-campus-counter, qualifier, anonymizer;;;;FR;47.2709;-1.3391;86faa8ddd5b4029ebe065d665f44503f412d192b;;https://nouveau.europresse.com:443/Pdf/ImageList?docName=pdf%C2%B720230916%C2%B7NIC_P%C2%B720;200;1243
2023-09-16T06:22:35+02:00;2023-09-16;5f216e1e58930ad5d8562a6e909609d4eaa3eb45;europresse;Europresse;CEDROM-SNi;ARTICLE;PDF;;;;;;;pdf·20230916·NIC_P·21;nouveau.europresse.com;N;e18934be481d63b3d01bb48b0981109c77cca0fc;3.9.2;2023-09-25;1df4e1f;2023-07-26;70ae7649;2023-09-22;filter, parser, deduplicator, istex, crossref, sudoc, hal, enhancer, geolocalizer, cut, on-campus-counter, qualifier, anonymizer;;;;FR;47.2709;-1.3391;86faa8ddd5b4029ebe065d665f44503f412d192b;;https://nouveau.europresse.com:443/Pdf/ImageList?docName=pdf%C2%B720230916%C2%B7NIC_P%C2%B721;200;1243
2023-09-16T06:22:48+02:00;2023-09-16;5f216e1e58930ad5d8562a6e909609d4eaa3eb45;europresse;Europresse;CEDROM-SNi;ARTICLE;PDF;;;;;;;pdf·20230916·NIC_P·32;nouveau.europresse.com;N;6da9046c3e170be933b87c492a768991929bdbfe;3.9.2;2023-09-25;1df4e1f;2023-07-26;70ae7649;2023-09-22;filter, parser, deduplicator, istex, crossref, sudoc, hal, enhancer, geolocalizer, cut, on-campus-counter, qualifier, anonymizer;;;;FR;47.2709;-1.3391;86faa8ddd5b4029ebe065d665f44503f412d192b;;https://nouveau.europresse.com:443/Pdf/ImageList?docName=pdf%C2%B720230916%C2%B7NIC_P%C2%B732;200;1243
2023-09-16T06:53:39+02:00;2023-09-16;6e4232dfae4168f80de18f5507982d1315624fa2;europresse;Europresse;CEDROM-SNi;ARTICLE;PDF;;;;;;;pdf·20230916·LM_P·24;nouveau.europresse.com;N;9759365c0eb5fe8d36e8dd71489755b7c7511200;3.9.2;2023-09-25;1df4e1f;2023-07-26;70ae7649;2023-09-22;filter, parser, deduplicator, istex, crossref, sudoc, hal, enhancer, geolocalizer, cut, on-campus-counter, qualifier, anonymizer;;;;FR;42.7028;9.45;9884fc677bb87c6fc90968db318c3dd5576eb4a4;;https://nouveau.europresse.com:443/Pdf/ImageList?docName=pdf%C2%B720230916%C2%B7LM_P%C2%B724;200;1410
2023-09-16T06:55:21+02:00;2023-09-16;6e4232dfae4168f80de18f5507982d1315624fa2;europresse;Europresse;CEDROM-SNi;ARTICLE;PDF;;;;;;;pdf·20230916·LM_P·28;nouveau.europresse.com;N;611b60b732a79c7ab827bd621ebe30210bae14d2;3.9.2;2023-09-25;1df4e1f;2023-07-26;70ae7649;2023-09-22;filter, parser, deduplicator, istex, crossref, sudoc, hal, enhancer, geolocalizer, cut, on-campus-counter, qualifier, anonymizer;;;;FR;42.7028;9.45;9884fc677bb87c6fc90968db318c3dd5576eb4a4;;https://nouveau.europresse.com:443/Pdf/ImageList?docName=pdf%C2%B720230916%C2%B7LM_P%C2%B728;200;1410
2023-09-16T06:58:04+02:00;2023-09-16;3be37a33c74b1ad6e0c4a13c8b1179fe21ba688c;dalloz;Dalloz;Dalloz;;HTML;;;;;;;CASS_LIEUVIDE_2017-05-17_1616732;www.dalloz.fr;N;98b2de73e536dda253570ec08c181fe373e5f794;3.9.2;2023-09-25;1df4e1f;2023-07-26;70ae7649;2023-09-22;filter, parser, deduplicator, istex, crossref, sudoc, hal, enhancer, geolocalizer, cut, on-campus-counter, qualifier, anonymizer;;;;FR;45.748;4.85;817c967e363f00239a12f20b7c6283040f78e2e6;;https://www.dalloz.fr:443/documentation/Document?ctxt=0_YSR0MD0xNi0xNjczMsKneCRzZj1zaW1wbGUtc2VhcmNo&ctxtl=0_cyRwYWdlTnVtPTHCp3MkdHJpZGF0ZT1GYWxzZcKncyRzb3J0PSNkZWZhdWx0X0Rlc2PCp3Mkc2xOYlBhZz0yMMKncyRpc2Fibz1UcnVlwqdzJHBhZ2luZz1UcnVlwqdzJG9uZ2xldD3Cp3MkZnJlZXNjb3BlPUZhbHNlwqdzJHdvSVM9RmFsc2XCp3Mkd29TUENIPUZhbHNlwqdzJGZsb3dNb2RlPUZhbHNlwqdzJGJxPcKncyRzZWFyY2hMYWJlbD3Cp3Mkc2VhcmNoQ2xhc3M9&id=CASS_LIEUVIDE_2017-05-17_1616732;200;256834
2023-09-16T07:39:11+02:00;2023-09-16;57a8f55b207092d3fdb8ccb28875ce01a833f96b;europresse;Europresse;CEDROM-SNi;ARTICLE;PDF;;;;;;;pdf·20230916·NIC_P·1;nouveau.europresse.com;N;c24d471396f57d2657d4caa062d1b8efc59956cb;3.9.2;2023-09-25;1df4e1f;2023-07-26;70ae7649;2023-09-22;filter, parser, deduplicator, istex, crossref, sudoc, hal, enhancer, geolocalizer, cut, on-campus-counter, qualifier, anonymizer;;;;FR;43.9124;5.2009;aaacba5318a0ae683a6c1f4c221a371e044972d5;;https://nouveau.europresse.com:443/Pdf/ImageList?docName=pdf%C2%B720230916%C2%B7NIC_P%C2%B71;200;1243
2023-09-16T07:39:34+02:00;2023-09-16;57a8f55b207092d3fdb8ccb28875ce01a833f96b;europresse;Europresse;CEDROM-SNi;ARTICLE;PDF;;;;;;;pdf·20230916·NIC_P·2;nouveau.europresse.com;N;c82a273ee89118bf46814fc1e064d6c5fc5bee4c;3.9.2;2023-09-25;1df4e1f;2023-07-26;70ae7649;2023-09-22;filter, parser, deduplicator, istex, crossref, sudoc, hal, enhancer, geolocalizer, cut, on-campus-counter, qualifier, anonymizer;;;;FR;43.9124;5.2009;aaacba5318a0ae683a6c1f4c221a371e044972d5;;https://nouveau.europresse.com:443/Pdf/ImageList?docName=pdf%C2%B720230916%C2%B7NIC_P%C2%B72;200;1243
2023-09-16T07:40:00+02:00;2023-09-16;57a8f55b207092d3fdb8ccb28875ce01a833f96b;europresse;Europresse;CEDROM-SNi;ARTICLE;PDF;;;;;;;pdf·20230916·NIC_P·3;nouveau.europresse.com;N;7eb2deabfbda7b6bd9b584872a56966c5ddc434a;3.9.2;2023-09-25;1df4e1f;2023-07-26;70ae7649;2023-09-22;filter, parser, deduplicator, istex, crossref, sudoc, hal, enhancer, geolocalizer, cut, on-campus-counter, qualifier, anonymizer;;;;FR;43.9124;5.2009;aaacba5318a0ae683a6c1f4c221a371e044972d5;;https://nouveau.europresse.com:443/Pdf/ImageList?docName=pdf%C2%B720230916%C2%B7NIC_P%C2%B73;200;1243
2023-09-16T07:40:23+02:00;2023-09-16;57a8f55b207092d3fdb8ccb28875ce01a833f96b;europresse;Europresse;CEDROM-SNi;ARTICLE;PDF;;;;;;;pdf·20230916·NIC_P·4;nouveau.europresse.com;N;9d30bc9ac12dfe0f80f1af39aa6e19baf1a6ebff;3.9.2;2023-09-25;1df4e1f;2023-07-26;70ae7649;2023-09-22;filter, parser, deduplicator, istex, crossref, sudoc, hal, enhancer, geolocalizer, cut, on-campus-counter, qualifier, anonymizer;;;;FR;43.9124;5.2009;aaacba5318a0ae683a6c1f4c221a371e044972d5;;https://nouveau.europresse.com:443/Pdf/ImageList?docName=pdf%C2%B720230916%C2%B7NIC_P%C2%B74;200;1243
2023-09-16T07:41:12+02:00;2023-09-16;57a8f55b207092d3fdb8ccb28875ce01a833f96b;europresse;Europresse;CEDROM-SNi;ARTICLE;PDF;;;;;;;pdf·20230916·NIC_P·5;nouveau.europresse.com;N;130fb0371d063148c694cb10cb238bc12b577ab5;3.9.2;2023-09-25;1df4e1f;2023-07-26;70ae7649;2023-09-22;filter, parser, deduplicator, istex, crossref, sudoc, hal, enhancer, geolocalizer, cut, on-campus-counter, qualifier, anonymizer;;;;FR;43.9124;5.2009;aaacba5318a0ae683a6c1f4c221a371e044972d5;;https://nouveau.europresse.com:443/Pdf/ImageList?docName=pdf%C2%B720230916%C2%B7NIC_P%C2%B75;200;1243
2023-09-16T07:41:22+02:00;2023-09-16;57a8f55b207092d3fdb8ccb28875ce01a833f96b;europresse;Europresse;CEDROM-SNi;ARTICLE;PDF;;;;;;;pdf·20230916·NIC_P·6;nouveau.europresse.com;N;c77aa9a9b790f3f27641a760df11f2397ce3f97e;3.9.2;2023-09-25;1df4e1f;2023-07-26;70ae7649;2023-09-22;filter, parser, deduplicator, istex, crossref, sudoc, hal, enhancer, geolocalizer, cut, on-campus-counter, qualifier, anonymizer;;;;FR;43.9124;5.2009;aaacba5318a0ae683a6c1f4c221a371e044972d5;;https://nouveau.europresse.com:443/Pdf/ImageList?docName=pdf%C2%B720230916%C2%B7NIC_P%C2%B76;200;1243
2023-09-16T07:41:34+02:00;2023-09-16;57a8f55b207092d3fdb8ccb28875ce01a833f96b;europresse;Europresse;CEDROM-SNi;ARTICLE;PDF;;;;;;;pdf·20230916·NIC_P·7;nouveau.europresse.com;N;5345b8a57b28d538b267e45ab6a50ed22b7bd874;3.9.2;2023-09-25;1df4e1f;2023-07-26;70ae7649;2023-09-22;filter, parser, deduplicator, istex, crossref, sudoc, hal, enhancer, geolocalizer, cut, on-campus-counter, qualifier, anonymizer;;;;FR;43.9124;5.2009;aaacba5318a0ae683a6c1f4c221a371e044972d5;;https://nouveau.europresse.com:443/Pdf/ImageList?docName=pdf%C2%B720230916%C2%B7NIC_P%C2%B77;200;1243
2023-09-16T07:41:44+02:00;2023-09-16;57a8f55b207092d3fdb8ccb28875ce01a833f96b;europresse;Europresse;CEDROM-SNi;ARTICLE;PDF;;;;;;;pdf·20230916·NIC_P·8;nouveau.europresse.com;N;bac7fc0901b1354e214b92343b7b623ab30a5f8e;3.9.2;2023-09-25;1df4e1f;2023-07-26;70ae7649;2023-09-22;filter, parser, deduplicator, istex, crossref, sudoc, hal, enhancer, geolocalizer, cut, on-campus-counter, qualifier, anonymizer;;;;FR;43.9124;5.2009;aaacba5318a0ae683a6c1f4c221a371e044972d5;;https://nouveau.europresse.com:443/Pdf/ImageList?docName=pdf%C2%B720230916%C2%B7NIC_P%C2%B78;200;1243
2023-09-16T07:41:53+02:00;2023-09-16;57a8f55b207092d3fdb8ccb28875ce01a833f96b;europresse;Europresse;CEDROM-SNi;ARTICLE;PDF;;;;;;;pdf·20230916·NIC_P·9;nouveau.europresse.com;N;f53155289e451ec475427ebc515d94a98aa49721;3.9.2;2023-09-25;1df4e1f;2023-07-26;70ae7649;2023-09-22;filter, parser, deduplicator, istex, crossref, sudoc, hal, enhancer, geolocalizer, cut, on-campus-counter, qualifier, anonymizer;;;;FR;43.9124;5.2009;aaacba5318a0ae683a6c1f4c221a371e044972d5;;https://nouveau.europresse.com:443/Pdf/ImageList?docName=pdf%C2%B720230916%C2%B7NIC_P%C2%B79;200;1243
2023-09-16T07:42:12+02:00;2023-09-16;57a8f55b207092d3fdb8ccb28875ce01a833f96b;europresse;Europresse;CEDROM-SNi;ARTICLE;PDF;;;;;;;pdf·20230916·NIC_P·10;nouveau.europresse.com;N;83f66a4dba1b8bb7aea8d665b2c2f9856f5b8e7f;3.9.2;2023-09-25;1df4e1f;2023-07-26;70ae7649;2023-09-22;filter, parser, deduplicator, istex, crossref, sudoc, hal, enhancer, geolocalizer, cut, on-campus-counter, qualifier, anonymizer;;;;FR;43.9124;5.2009;aaacba5318a0ae683a6c1f4c221a371e044972d5;;https://nouveau.europresse.com:443/Pdf/ImageList?docName=pdf%C2%B720230916%C2%B7NIC_P%C2%B710;200;1243
2023-09-16T07:42:21+02:00;2023-09-16;57a8f55b207092d3fdb8ccb28875ce01a833f96b;europresse;Europresse;CEDROM-SNi;ARTICLE;PDF;;;;;;;pdf·20230916·NIC_P·11;nouveau.europresse.com;N;1f611f54f4e24e525ec4970b5aafbc74360c3089;3.9.2;2023-09-25;1df4e1f;2023-07-26;70ae7649;2023-09-22;filter, parser, deduplicator, istex, crossref, sudoc, hal, enhancer, geolocalizer, cut, on-campus-counter, qualifier, anonymizer;;;;FR;43.9124;5.2009;aaacba5318a0ae683a6c1f4c221a371e044972d5;;https://nouveau.europresse.com:443/Pdf/ImageList?docName=pdf%C2%B720230916%C2%B7NIC_P%C2%B711;200;1243
2023-09-16T07:42:58+02:00;2023-09-16;57a8f55b207092d3fdb8ccb28875ce01a833f96b;europresse;Europresse;CEDROM-SNi;ARTICLE;PDF;;;;;;;pdf·20230916·NIC_P·12;nouveau.europresse.com;N;fc83b8b77566d3596236022d6dfe0162b11fdfa5;3.9.2;2023-09-25;1df4e1f;2023-07-26;70ae7649;2023-09-22;filter, parser, deduplicator, istex, crossref, sudoc, hal, enhancer, geolocalizer, cut, on-campus-counter, qualifier, anonymizer;;;;FR;43.9124;5.2009;aaacba5318a0ae683a6c1f4c221a371e044972d5;;https://nouveau.europresse.com:443/Pdf/ImageList?docName=pdf%C2%B720230916%C2%B7NIC_P%C2%B712;200;1243
2023-09-16T07:43:23+02:00;2023-09-16;57a8f55b207092d3fdb8ccb28875ce01a833f96b;europresse;Europresse;CEDROM-SNi;ARTICLE;PDF;;;;;;;pdf·20230916·NIC_P·13;nouveau.europresse.com;N;46574819721b0bdfcf32cdafc86871fa6328aeb1;3.9.2;2023-09-25;1df4e1f;2023-07-26;70ae7649;2023-09-22;filter, parser, deduplicator, istex, crossref, sudoc, hal, enhancer, geolocalizer, cut, on-campus-counter, qualifier, anonymizer;;;;FR;43.9124;5.2009;aaacba5318a0ae683a6c1f4c221a371e044972d5;;https://nouveau.europresse.com:443/Pdf/ImageList?docName=pdf%C2%B720230916%C2%B7NIC_P%C2%B713;200;1243
2023-09-16T07:45:07+02:00;2023-09-16;57a8f55b207092d3fdb8ccb28875ce01a833f96b;europresse;Europresse;CEDROM-SNi;ARTICLE;PDF;;;;;;;pdf·20230916·NIC_P·14;nouveau.europresse.com;N;0152de20dc645303cec91cfc5e76945c8e5434cf;3.9.2;2023-09-25;1df4e1f;2023-07-26;70ae7649;2023-09-22;filter, parser, deduplicator, istex, crossref, sudoc, hal, enhancer, geolocalizer, cut, on-campus-counter, qualifier, anonymizer;;;;FR;43.9124;5.2009;aaacba5318a0ae683a6c1f4c221a371e044972d5;;https://nouveau.europresse.com:443/Pdf/ImageList?docName=pdf%C2%B720230916%C2%B7NIC_P%C2%B714;200;1243
2023-09-16T07:45:33+02:00;2023-09-16;57a8f55b207092d3fdb8ccb28875ce01a833f96b;europresse;Europresse;CEDROM-SNi;ARTICLE;PDF;;;;;;;pdf·20230916·NIC_P·15;nouveau.europresse.com;N;ba7c3c0f3cdf654fcc599372d2acfc6e01e3c126;3.9.2;2023-09-25;1df4e1f;2023-07-26;70ae7649;2023-09-22;filter, parser, deduplicator, istex, crossref, sudoc, hal, enhancer, geolocalizer, cut, on-campus-counter, qualifier, anonymizer;;;;FR;43.9124;5.2009;aaacba5318a0ae683a6c1f4c221a371e044972d5;;https://nouveau.europresse.com:443/Pdf/ImageList?docName=pdf%C2%B720230916%C2%B7NIC_P%C2%B715;200;1243
2023-09-16T07:45:59+02:00;2023-09-16;57a8f55b207092d3fdb8ccb28875ce01a833f96b;europresse;Europresse;CEDROM-SNi;ARTICLE;PDF;;;;;;;pdf·20230916·NIC_P·16;nouveau.europresse.com;N;eda6569e3318478ecb7bdd9dc5f905eded5c02be;3.9.2;2023-09-25;1df4e1f;2023-07-26;70ae7649;2023-09-22;filter, parser, deduplicator, istex, crossref, sudoc, hal, enhancer, geolocalizer, cut, on-campus-counter, qualifier, anonymizer;;;;FR;43.9124;5.2009;aaacba5318a0ae683a6c1f4c221a371e044972d5;;https://nouveau.europresse.com:443/Pdf/ImageList?docName=pdf%C2%B720230916%C2%B7NIC_P%C2%B716;200;1243
2023-09-16T07:46:17+02:00;2023-09-16;57a8f55b207092d3fdb8ccb28875ce01a833f96b;europresse;Europresse;CEDROM-SNi;ARTICLE;PDF;;;;;;;pdf·20230916·NIC_P·17;nouveau.europresse.com;N;09c3e33313cd42805a4f743ae12de5a7b3b63796;3.9.2;2023-09-25;1df4e1f;2023-07-26;70ae7649;2023-09-22;filter, parser, deduplicator, istex, crossref, sudoc, hal, enhancer, geolocalizer, cut, on-campus-counter, qualifier, anonymizer;;;;FR;43.9124;5.2009;aaacba5318a0ae683a6c1f4c221a371e044972d5;;https://nouveau.europresse.com:443/Pdf/ImageList?docName=pdf%C2%B720230916%C2%B7NIC_P%C2%B717;200;1243
2023-09-16T07:46:23+02:00;2023-09-16;57a8f55b207092d3fdb8ccb28875ce01a833f96b;europresse;Europresse;CEDROM-SNi;ARTICLE;PDF;;;;;;;pdf·20230916·NIC_P·18;nouveau.europresse.com;N;2865b4c2c37752ee15c14efd61bd4a4f8fc69e14;3.9.2;2023-09-25;1df4e1f;2023-07-26;70ae7649;2023-09-22;filter, parser, deduplicator, istex, crossref, sudoc, hal, enhancer, geolocalizer, cut, on-campus-counter, qualifier, anonymizer;;;;FR;43.9124;5.2009;aaacba5318a0ae683a6c1f4c221a371e044972d5;;https://nouveau.europresse.com:443/Pdf/ImageList?docName=pdf%C2%B720230916%C2%B7NIC_P%C2%B718;200;1243
2023-09-16T07:46:31+02:00;2023-09-16;57a8f55b207092d3fdb8ccb28875ce01a833f96b;europresse;Europresse;CEDROM-SNi;ARTICLE;PDF;;;;;;;pdf·20230916·NIC_P·19;nouveau.europresse.com;N;fe4ad653c974d84bc5dbdc644b4d2601150923a6;3.9.2;2023-09-25;1df4e1f;2023-07-26;70ae7649;2023-09-22;filter, parser, deduplicator, istex, crossref, sudoc, hal, enhancer, geolocalizer, cut, on-campus-counter, qualifier, anonymizer;;;;FR;43.9124;5.2009;aaacba5318a0ae683a6c1f4c221a371e044972d5;;https://nouveau.europresse.com:443/Pdf/ImageList?docName=pdf%C2%B720230916%C2%B7NIC_P%C2%B719;200;1243
2023-09-16T07:46:48+02:00;2023-09-16;57a8f55b207092d3fdb8ccb28875ce01a833f96b;europresse;Europresse;CEDROM-SNi;ARTICLE;PDF;;;;;;;pdf·20230916·NIC_P·20;nouveau.europresse.com;N;aced0f64c89449d1f447e567be399fb557912e6e;3.9.2;2023-09-25;1df4e1f;2023-07-26;70ae7649;2023-09-22;filter, parser, deduplicator, istex, crossref, sudoc, hal, enhancer, geolocalizer, cut, on-campus-counter, qualifier, anonymizer;;;;FR;43.9124;5.2009;aaacba5318a0ae683a6c1f4c221a371e044972d5;;https://nouveau.europresse.com:443/Pdf/ImageList?docName=pdf%C2%B720230916%C2%B7NIC_P%C2%B720;200;1243
2023-09-16T07:46:57+02:00;2023-09-16;57a8f55b207092d3fdb8ccb28875ce01a833f96b;europresse;Europresse;CEDROM-SNi;ARTICLE;PDF;;;;;;;pdf·20230916·NIC_P·21;nouveau.europresse.com;N;c127cffe310ddee8b23e41ec55f0de7785f3e27b;3.9.2;2023-09-25;1df4e1f;2023-07-26;70ae7649;2023-09-22;filter, parser, deduplicator, istex, crossref, sudoc, hal, enhancer, geolocalizer, cut, on-campus-counter, qualifier, anonymizer;;;;FR;43.9124;5.2009;aaacba5318a0ae683a6c1f4c221a371e044972d5;;https://nouveau.europresse.com:443/Pdf/ImageList?docName=pdf%C2%B720230916%C2%B7NIC_P%C2%B721;200;1243
2023-09-16T07:47:04+02:00;2023-09-16;57a8f55b207092d3fdb8ccb28875ce01a833f96b;europresse;Europresse;CEDROM-SNi;ARTICLE;PDF;;;;;;;pdf·20230916·NIC_P·22;nouveau.europresse.com;N;dd9b543b3f56f8b942efc3e632913ccffb27d680;3.9.2;2023-09-25;1df4e1f;2023-07-26;70ae7649;2023-09-22;filter, parser, deduplicator, istex, crossref, sudoc, hal, enhancer, geolocalizer, cut, on-campus-counter, qualifier, anonymizer;;;;FR;43.9124;5.2009;aaacba5318a0ae683a6c1f4c221a371e044972d5;;https://nouveau.europresse.com:443/Pdf/ImageList?docName=pdf%C2%B720230916%C2%B7NIC_P%C2%B722;200;1243
2023-09-16T07:47:11+02:00;2023-09-16;57a8f55b207092d3fdb8ccb28875ce01a833f96b;europresse;Europresse;CEDROM-SNi;ARTICLE;PDF;;;;;;;pdf·20230916·NIC_P·23;nouveau.europresse.com;N;768fab326b3f935515a395206b9388f20edeebc6;3.9.2;2023-09-25;1df4e1f;2023-07-26;70ae7649;2023-09-22;filter, parser, deduplicator, istex, crossref, sudoc, hal, enhancer, geolocalizer, cut, on-campus-counter, qualifier, anonymizer;;;;FR;43.9124;5.2009;aaacba5318a0ae683a6c1f4c221a371e044972d5;;https://nouveau.europresse.com:443/Pdf/ImageList?docName=pdf%C2%B720230916%C2%B7NIC_P%C2%B723;200;1243
2023-09-16T07:47:18+02:00;2023-09-16;57a8f55b207092d3fdb8ccb28875ce01a833f96b;europresse;Europresse;CEDROM-SNi;ARTICLE;PDF;;;;;;;pdf·20230916·NIC_P·24;nouveau.europresse.com;N;edb0129a057846ca4de896b5e031d4fcf4f8f15b;3.9.2;2023-09-25;1df4e1f;2023-07-26;70ae7649;2023-09-22;filter, parser, deduplicator, istex, crossref, sudoc, hal, enhancer, geolocalizer, cut, on-campus-counter, qualifier, anonymizer;;;;FR;43.9124;5.2009;aaacba5318a0ae683a6c1f4c221a371e044972d5;;https://nouveau.europresse.com:443/Pdf/ImageList?docName=pdf%C2%B720230916%C2%B7NIC_P%C2%B724;200;1242
2023-09-16T07:47:25+02:00;2023-09-16;57a8f55b207092d3fdb8ccb28875ce01a833f96b;europresse;Europresse;CEDROM-SNi;ARTICLE;PDF;;;;;;;pdf·20230916·NIC_P·25;nouveau.europresse.com;N;155fcf1251b09fa84a8e7254c7647347890546e7;3.9.2;2023-09-25;1df4e1f;2023-07-26;70ae7649;2023-09-22;filter, parser, deduplicator, istex, crossref, sudoc, hal, enhancer, geolocalizer, cut, on-campus-counter, qualifier, anonymizer;;;;FR;43.9124;5.2009;aaacba5318a0ae683a6c1f4c221a371e044972d5;;https://nouveau.europresse.com:443/Pdf/ImageList?docName=pdf%C2%B720230916%C2%B7NIC_P%C2%B725;200;1243
2023-09-16T07:47:30+02:00;2023-09-16;57a8f55b207092d3fdb8ccb28875ce01a833f96b;europresse;Europresse;CEDROM-SNi;ARTICLE;PDF;;;;;;;pdf·20230916·NIC_P·26;nouveau.europresse.com;N;ca806bea660c1bc1b66e7eca96f4bfba7c756274;3.9.2;2023-09-25;1df4e1f;2023-07-26;70ae7649;2023-09-22;filter, parser, deduplicator, istex, crossref, sudoc, hal, enhancer, geolocalizer, cut, on-campus-counter, qualifier, anonymizer;;;;FR;43.9124;5.2009;aaacba5318a0ae683a6c1f4c221a371e044972d5;;https://nouveau.europresse.com:443/Pdf/ImageList?docName=pdf%C2%B720230916%C2%B7NIC_P%C2%B726;200;1242
2023-09-16T07:47:36+02:00;2023-09-16;57a8f55b207092d3fdb8ccb28875ce01a833f96b;europresse;Europresse;CEDROM-SNi;ARTICLE;PDF;;;;;;;pdf·20230916·NIC_P·27;nouveau.europresse.com;N;7235a9518d873d8dab9c2402324446dbdecb4b1b;3.9.2;2023-09-25;1df4e1f;2023-07-26;70ae7649;2023-09-22;filter, parser, deduplicator, istex, crossref, sudoc, hal, enhancer, geolocalizer, cut, on-campus-counter, qualifier, anonymizer;;;;FR;43.9124;5.2009;aaacba5318a0ae683a6c1f4c221a371e044972d5;;https://nouveau.europresse.com:443/Pdf/ImageList?docName=pdf%C2%B720230916%C2%B7NIC_P%C2%B727;200;1243
2023-09-16T07:47:42+02:00;2023-09-16;57a8f55b207092d3fdb8ccb28875ce01a833f96b;europresse;Europresse;CEDROM-SNi;ARTICLE;PDF;;;;;;;pdf·20230916·NIC_P·28;nouveau.europresse.com;N;b3e31161c0d878c578ab06f93ffa3c6db6781f06;3.9.2;2023-09-25;1df4e1f;2023-07-26;70ae7649;2023-09-22;filter, parser, deduplicator, istex, crossref, sudoc, hal, enhancer, geolocalizer, cut, on-campus-counter, qualifier, anonymizer;;;;FR;43.9124;5.2009;aaacba5318a0ae683a6c1f4c221a371e044972d5;;https://nouveau.europresse.com:443/Pdf/ImageList?docName=pdf%C2%B720230916%C2%B7NIC_P%C2%B728;200;1243
2023-09-16T08:04:50+02:00;2023-09-16;2fd8646bf55406bcc4670a56377ed71592d57a72;europresse;Europresse;CEDROM-SNi;ARTICLE;PDF;;;;;;;pdf·20230916·NIC_P·1;nouveau.europresse.com;N;792aa61ec7769b6751a2e3ab168d266a4847e95b;3.9.2;2023-09-25;1df4e1f;2023-07-26;70ae7649;2023-09-22;filter, parser, deduplicator, istex, crossref, sudoc, hal, enhancer, geolocalizer, cut, on-campus-counter, qualifier, anonymizer;;;;FR;42.7028;9.45;d465b3e25bf3a5b2ede77bcaa747b93f027bd2dd;;https://nouveau.europresse.com:443/Pdf/ImageList?docName=pdf%C2%B720230916%C2%B7NIC_P%C2%B71;200;1243
2023-09-16T08:05:44+02:00;2023-09-16;2fd8646bf55406bcc4670a56377ed71592d57a72;europresse;Europresse;CEDROM-SNi;ARTICLE;PDF;;;;;;;pdf·20230916·NIC_P·2;nouveau.europresse.com;N;fa7f5f1493b52caf6543665c2293d58499d06307;3.9.2;2023-09-25;1df4e1f;2023-07-26;70ae7649;2023-09-22;filter, parser, deduplicator, istex, crossref, sudoc, hal, enhancer, geolocalizer, cut, on-campus-counter, qualifier, anonymizer;;;;FR;42.7028;9.45;d465b3e25bf3a5b2ede77bcaa747b93f027bd2dd;;https://nouveau.europresse.com:443/Pdf/ImageList?docName=pdf%C2%B720230916%C2%B7NIC_P%C2%B72;200;1243
2023-09-16T08:06:28+02:00;2023-09-16;2fd8646bf55406bcc4670a56377ed71592d57a72;europresse;Europresse;CEDROM-SNi;ARTICLE;PDF;;;;;;;pdf·20230916·NIC_P·3;nouveau.europresse.com;N;4b11ee2390304a806b20d9ac9266d59ed41f7490;3.9.2;2023-09-25;1df4e1f;2023-07-26;70ae7649;2023-09-22;filter, parser, deduplicator, istex, crossref, sudoc, hal, enhancer, geolocalizer, cut, on-campus-counter, qualifier, anonymizer;;;;FR;42.7028;9.45;d465b3e25bf3a5b2ede77bcaa747b93f027bd2dd;;https://nouveau.europresse.com:443/Pdf/ImageList?docName=pdf%C2%B720230916%C2%B7NIC_P%C2%B73;200;1243
2023-09-16T08:07:42+02:00;2023-09-16;2fd8646bf55406bcc4670a56377ed71592d57a72;europresse;Europresse;CEDROM-SNi;ARTICLE;PDF;;;;;;;pdf·20230916·NIC_P·4;nouveau.europresse.com;N;0af11d2325685e6f995fa657b540a082be814596;3.9.2;2023-09-25;1df4e1f;2023-07-26;70ae7649;2023-09-22;filter, parser, deduplicator, istex, crossref, sudoc, hal, enhancer, geolocalizer, cut, on-campus-counter, qualifier, anonymizer;;;;FR;42.7028;9.45;d465b3e25bf3a5b2ede77bcaa747b93f027bd2dd;;https://nouveau.europresse.com:443/Pdf/ImageList?docName=pdf%C2%B720230916%C2%B7NIC_P%C2%B74;200;1243
2023-09-16T08:08:25+02:00;2023-09-16;2fd8646bf55406bcc4670a56377ed71592d57a72;europresse;Europresse;CEDROM-SNi;ARTICLE;PDF;;;;;;;pdf·20230916·NIC_P·5;nouveau.europresse.com;N;9db614c0f4ad9b18e0fff93908ecb4f86e6c1c10;3.9.2;2023-09-25;1df4e1f;2023-07-26;70ae7649;2023-09-22;filter, parser, deduplicator, istex, crossref, sudoc, hal, enhancer, geolocalizer, cut, on-campus-counter, qualifier, anonymizer;;;;FR;42.7028;9.45;d465b3e25bf3a5b2ede77bcaa747b93f027bd2dd;;https://nouveau.europresse.com:443/Pdf/ImageList?docName=pdf%C2%B720230916%C2%B7NIC_P%C2%B75;200;1243
2023-09-16T08:11:16+02:00;2023-09-16;2fd8646bf55406bcc4670a56377ed71592d57a72;europresse;Europresse;CEDROM-SNi;ARTICLE;PDF;;;;;;;pdf·20230916·NIC_P·6;nouveau.europresse.com;N;bcb54956320688781da73f419025d29911d79535;3.9.2;2023-09-25;1df4e1f;2023-07-26;70ae7649;2023-09-22;filter, parser, deduplicator, istex, crossref, sudoc, hal, enhancer, geolocalizer, cut, on-campus-counter, qualifier, anonymizer;;;;FR;42.7028;9.45;d465b3e25bf3a5b2ede77bcaa747b93f027bd2dd;;https://nouveau.europresse.com:443/Pdf/ImageList?docName=pdf%C2%B720230916%C2%B7NIC_P%C2%B76;200;1243
2023-09-16T08:12:14+02:00;2023-09-16;2fd8646bf55406bcc4670a56377ed71592d57a72;europresse;Europresse;CEDROM-SNi;ARTICLE;PDF;;;;;;;pdf·20230916·NIC_P·7;nouveau.europresse.com;N;1a7c5bcf6961167db6a79a53414cdbcdce02d8ca;3.9.2;2023-09-25;1df4e1f;2023-07-26;70ae7649;2023-09-22;filter, parser, deduplicator, istex, crossref, sudoc, hal, enhancer, geolocalizer, cut, on-campus-counter, qualifier, anonymizer;;;;FR;42.7028;9.45;d465b3e25bf3a5b2ede77bcaa747b93f027bd2dd;;https://nouveau.europresse.com:443/Pdf/ImageList?docName=pdf%C2%B720230916%C2%B7NIC_P%C2%B77;200;1243
2023-09-16T08:12:37+02:00;2023-09-16;2fd8646bf55406bcc4670a56377ed71592d57a72;europresse;Europresse;CEDROM-SNi;ARTICLE;PDF;;;;;;;pdf·20230916·NIC_P·8;nouveau.europresse.com;N;ca817452319c241cec6a9588e025bb45414e2aaf;3.9.2;2023-09-25;1df4e1f;2023-07-26;70ae7649;2023-09-22;filter, parser, deduplicator, istex, crossref, sudoc, hal, enhancer, geolocalizer, cut, on-campus-counter, qualifier, anonymizer;;;;FR;42.7028;9.45;d465b3e25bf3a5b2ede77bcaa747b93f027bd2dd;;https://nouveau.europresse.com:443/Pdf/ImageList?docName=pdf%C2%B720230916%C2%B7NIC_P%C2%B78;200;1243
2023-09-16T08:13:24+02:00;2023-09-16;2fd8646bf55406bcc4670a56377ed71592d57a72;europresse;Europresse;CEDROM-SNi;ARTICLE;PDF;;;;;;;pdf·20230916·NIC_P·7;nouveau.europresse.com;N;71055577d57208ba76e98f3ae42d1630b0358a5b;3.9.2;2023-09-25;1df4e1f;2023-07-26;70ae7649;2023-09-22;filter, parser, deduplicator, istex, crossref, sudoc, hal, enhancer, geolocalizer, cut, on-campus-counter, qualifier, anonymizer;;;;FR;42.7028;9.45;d465b3e25bf3a5b2ede77bcaa747b93f027bd2dd;;https://nouveau.europresse.com:443/Pdf/ImageList?docName=pdf%C2%B720230916%C2%B7NIC_P%C2%B77;200;1243
2023-09-16T08:13:40+02:00;2023-09-16;2fd8646bf55406bcc4670a56377ed71592d57a72;europresse;Europresse;CEDROM-SNi;ARTICLE;PDF;;;;;;;pdf·20230916·NIC_P·9;nouveau.europresse.com;N;a4400afb1140b66144d3c70107c49eab91e1a1a7;3.9.2;2023-09-25;1df4e1f;2023-07-26;70ae7649;2023-09-22;filter, parser, deduplicator, istex, crossref, sudoc, hal, enhancer, geolocalizer, cut, on-campus-counter, qualifier, anonymizer;;;;FR;42.7028;9.45;d465b3e25bf3a5b2ede77bcaa747b93f027bd2dd;;https://nouveau.europresse.com:443/Pdf/ImageList?docName=pdf%C2%B720230916%C2%B7NIC_P%C2%B79;200;1243
2023-09-16T08:14:05+02:00;2023-09-16;2fd8646bf55406bcc4670a56377ed71592d57a72;europresse;Europresse;CEDROM-SNi;ARTICLE;PDF;;;;;;;pdf·20230916·NIC_P·10;nouveau.europresse.com;N;bcf0562fbcdb82c5e2a928440910b22f2866bdf4;3.9.2;2023-09-25;1df4e1f;2023-07-26;70ae7649;2023-09-22;filter, parser, deduplicator, istex, crossref, sudoc, hal, enhancer, geolocalizer, cut, on-campus-counter, qualifier, anonymizer;;;;FR;42.7028;9.45;d465b3e25bf3a5b2ede77bcaa747b93f027bd2dd;;https://nouveau.europresse.com:443/Pdf/ImageList?docName=pdf%C2%B720230916%C2%B7NIC_P%C2%B710;200;1243
2023-09-16T08:14:32+02:00;2023-09-16;2fd8646bf55406bcc4670a56377ed71592d57a72;europresse;Europresse;CEDROM-SNi;ARTICLE;PDF;;;;;;;pdf·20230916·NIC_P·11;nouveau.europresse.com;N;4f15e852878e0a37d4b4343e995af8c8907eebbe;3.9.2;2023-09-25;1df4e1f;2023-07-26;70ae7649;2023-09-22;filter, parser, deduplicator, istex, crossref, sudoc, hal, enhancer, geolocalizer, cut, on-campus-counter, qualifier, anonymizer;;;;FR;42.7028;9.45;d465b3e25bf3a5b2ede77bcaa747b93f027bd2dd;;https://nouveau.europresse.com:443/Pdf/ImageList?docName=pdf%C2%B720230916%C2%B7NIC_P%C2%B711;200;1243
2023-09-16T08:15:02+02:00;2023-09-16;2fd8646bf55406bcc4670a56377ed71592d57a72;europresse;Europresse;CEDROM-SNi;ARTICLE;PDF;;;;;;;pdf·20230916·NIC_P·12;nouveau.europresse.com;N;b0b2b2427f188e740ddb5f74b8020dfc3900243e;3.9.2;2023-09-25;1df4e1f;2023-07-26;70ae7649;2023-09-22;filter, parser, deduplicator, istex, crossref, sudoc, hal, enhancer, geolocalizer, cut, on-campus-counter, qualifier, anonymizer;;;;FR;42.7028;9.45;d465b3e25bf3a5b2ede77bcaa747b93f027bd2dd;;https://nouveau.europresse.com:443/Pdf/ImageList?docName=pdf%C2%B720230916%C2%B7NIC_P%C2%B712;200;1243
2023-09-16T08:16:42+02:00;2023-09-16;2fd8646bf55406bcc4670a56377ed71592d57a72;europresse;Europresse;CEDROM-SNi;ARTICLE;PDF;;;;;;;pdf·20230916·NIC_P·13;nouveau.europresse.com;N;a8b3a60292d7bc09911bad79e199c5e32444013d;3.9.2;2023-09-25;1df4e1f;2023-07-26;70ae7649;2023-09-22;filter, parser, deduplicator, istex, crossref, sudoc, hal, enhancer, geolocalizer, cut, on-campus-counter, qualifier, anonymizer;;;;FR;42.7028;9.45;d465b3e25bf3a5b2ede77bcaa747b93f027bd2dd;;https://nouveau.europresse.com:443/Pdf/ImageList?docName=pdf%C2%B720230916%C2%B7NIC_P%C2%B713;200;1243
2023-09-16T08:17:11+02:00;2023-09-16;2fd8646bf55406bcc4670a56377ed71592d57a72;europresse;Europresse;CEDROM-SNi;ARTICLE;PDF;;;;;;;pdf·20230916·NIC_P·14;nouveau.europresse.com;N;f3800b94cc9710480245e78c22b326a2a11947d4;3.9.2;2023-09-25;1df4e1f;2023-07-26;70ae7649;2023-09-22;filter, parser, deduplicator, istex, crossref, sudoc, hal, enhancer, geolocalizer, cut, on-campus-counter, qualifier, anonymizer;;;;FR;42.7028;9.45;d465b3e25bf3a5b2ede77bcaa747b93f027bd2dd;;https://nouveau.europresse.com:443/Pdf/ImageList?docName=pdf%C2%B720230916%C2%B7NIC_P%C2%B714;200;1243
2023-09-16T08:17:35+02:00;2023-09-16;2fd8646bf55406bcc4670a56377ed71592d57a72;europresse;Europresse;CEDROM-SNi;ARTICLE;PDF;;;;;;;pdf·20230916·NIC_P·15;nouveau.europresse.com;N;b94423bcef3c13f6e33d54c1f2aff6a23229279b;3.9.2;2023-09-25;1df4e1f;2023-07-26;70ae7649;2023-09-22;filter, parser, deduplicator, istex, crossref, sudoc, hal, enhancer, geolocalizer, cut, on-campus-counter, qualifier, anonymizer;;;;FR;42.7028;9.45;d465b3e25bf3a5b2ede77bcaa747b93f027bd2dd;;https://nouveau.europresse.com:443/Pdf/ImageList?docName=pdf%C2%B720230916%C2%B7NIC_P%C2%B715;200;1243
2023-09-16T08:18:09+02:00;2023-09-16;2fd8646bf55406bcc4670a56377ed71592d57a72;europresse;Europresse;CEDROM-SNi;ARTICLE;PDF;;;;;;;pdf·20230916·NIC_P·16;nouveau.europresse.com;N;c29179c332f33435fa67dc0626a40381d6abb936;3.9.2;2023-09-25;1df4e1f;2023-07-26;70ae7649;2023-09-22;filter, parser, deduplicator, istex, crossref, sudoc, hal, enhancer, geolocalizer, cut, on-campus-counter, qualifier, anonymizer;;;;FR;42.7028;9.45;d465b3e25bf3a5b2ede77bcaa747b93f027bd2dd;;https://nouveau.europresse.com:443/Pdf/ImageList?docName=pdf%C2%B720230916%C2%B7NIC_P%C2%B716;200;1243
2023-09-16T08:18:39+02:00;2023-09-16;2fd8646bf55406bcc4670a56377ed71592d57a72;europresse;Europresse;CEDROM-SNi;ARTICLE;PDF;;;;;;;pdf·20230916·NIC_P·17;nouveau.europresse.com;N;7143d4d2c84eca0e1776737d475e6ceda47cbb5c;3.9.2;2023-09-25;1df4e1f;2023-07-26;70ae7649;2023-09-22;filter, parser, deduplicator, istex, crossref, sudoc, hal, enhancer, geolocalizer, cut, on-campus-counter, qualifier, anonymizer;;;;FR;42.7028;9.45;d465b3e25bf3a5b2ede77bcaa747b93f027bd2dd;;https://nouveau.europresse.com:443/Pdf/ImageList?docName=pdf%C2%B720230916%C2%B7NIC_P%C2%B717;200;1243
2023-09-16T08:18:58+02:00;2023-09-16;2fd8646bf55406bcc4670a56377ed71592d57a72;europresse;Europresse;CEDROM-SNi;ARTICLE;PDF;;;;;;;pdf·20230916·NIC_P·18;nouveau.europresse.com;N;ba77b1ba0e484796e3f7c4071da1e9fc6eca1575;3.9.2;2023-09-25;1df4e1f;2023-07-26;70ae7649;2023-09-22;filter, parser, deduplicator, istex, crossref, sudoc, hal, enhancer, geolocalizer, cut, on-campus-counter, qualifier, anonymizer;;;;FR;42.7028;9.45;d465b3e25bf3a5b2ede77bcaa747b93f027bd2dd;;https://nouveau.europresse.com:443/Pdf/ImageList?docName=pdf%C2%B720230916%C2%B7NIC_P%C2%B718;200;1243
2023-09-16T08:19:18+02:00;2023-09-16;2fd8646bf55406bcc4670a56377ed71592d57a72;europresse;Europresse;CEDROM-SNi;ARTICLE;PDF;;;;;;;pdf·20230916·NIC_P·19;nouveau.europresse.com;N;116766d910ffe94375fe65b85a55c8ec6c11c969;3.9.2;2023-09-25;1df4e1f;2023-07-26;70ae7649;2023-09-22;filter, parser, deduplicator, istex, crossref, sudoc, hal, enhancer, geolocalizer, cut, on-campus-counter, qualifier, anonymizer;;;;FR;42.7028;9.45;d465b3e25bf3a5b2ede77bcaa747b93f027bd2dd;;https://nouveau.europresse.com:443/Pdf/ImageList?docName=pdf%C2%B720230916%C2%B7NIC_P%C2%B719;200;1243
2023-09-16T08:21:20+02:00;2023-09-16;2fd8646bf55406bcc4670a56377ed71592d57a72;europresse;Europresse;CEDROM-SNi;ARTICLE;PDF;;;;;;;pdf·20230916·NIC_P·20;nouveau.europresse.com;N;5b2b3ca5a03557cb1081e33fb916c6c7800785a7;3.9.2;2023-09-25;1df4e1f;2023-07-26;70ae7649;2023-09-22;filter, parser, deduplicator, istex, crossref, sudoc, hal, enhancer, geolocalizer, cut, on-campus-counter, qualifier, anonymizer;;;;FR;42.7028;9.45;d465b3e25bf3a5b2ede77bcaa747b93f027bd2dd;;https://nouveau.europresse.com:443/Pdf/ImageList?docName=pdf%C2%B720230916%C2%B7NIC_P%C2%B720;200;1243
2023-09-16T08:21:39+02:00;2023-09-16;2fd8646bf55406bcc4670a56377ed71592d57a72;europresse;Europresse;CEDROM-SNi;ARTICLE;PDF;;;;;;;pdf·20230916·NIC_P·32;nouveau.europresse.com;N;421dcabc606373751b6befbaa2e9f349fe703faf;3.9.2;2023-09-25;1df4e1f;2023-07-26;70ae7649;2023-09-22;filter, parser, deduplicator, istex, crossref, sudoc, hal, enhancer, geolocalizer, cut, on-campus-counter, qualifier, anonymizer;;;;FR;42.7028;9.45;d465b3e25bf3a5b2ede77bcaa747b93f027bd2dd;;https://nouveau.europresse.com:443/Pdf/ImageList?docName=pdf%C2%B720230916%C2%B7NIC_P%C2%B732;200;1243
2023-09-16T08:22:53+02:00;2023-09-16;2fd8646bf55406bcc4670a56377ed71592d57a72;europresse;Europresse;CEDROM-SNi;ARTICLE;PDF;;;;;;;pdf·20230916·NIC_P·31;nouveau.europresse.com;N;a7af04ef5cd57b22d8a3506003ae7acc220771ea;3.9.2;2023-09-25;1df4e1f;2023-07-26;70ae7649;2023-09-22;filter, parser, deduplicator, istex, crossref, sudoc, hal, enhancer, geolocalizer, cut, on-campus-counter, qualifier, anonymizer;;;;FR;42.7028;9.45;d465b3e25bf3a5b2ede77bcaa747b93f027bd2dd;;https://nouveau.europresse.com:443/Pdf/ImageList?docName=pdf%C2%B720230916%C2%B7NIC_P%C2%B731;200;1243
2023-09-16T08:24:26+02:00;2023-09-16;2fd8646bf55406bcc4670a56377ed71592d57a72;europresse;Europresse;CEDROM-SNi;ARTICLE;PDF;;;;;;;pdf·20230915·NIC_P·1;nouveau.europresse.com;N;72ee42ab1ee13c57b89f0552c71af3fd7e788cfd;3.9.2;2023-09-25;1df4e1f;2023-07-26;70ae7649;2023-09-22;filter, parser, deduplicator, istex, crossref, sudoc, hal, enhancer, geolocalizer, cut, on-campus-counter, qualifier, anonymizer;;;;FR;42.7028;9.45;d465b3e25bf3a5b2ede77bcaa747b93f027bd2dd;;https://nouveau.europresse.com:443/Pdf/ImageList?docName=pdf%C2%B720230915%C2%B7NIC_P%C2%B71;200;1243
2023-09-16T08:24:46+02:00;2023-09-16;2fd8646bf55406bcc4670a56377ed71592d57a72;europresse;Europresse;CEDROM-SNi;ARTICLE;PDF;;;;;;;pdf·20230915·NIC_P·33;nouveau.europresse.com;N;c6d1c8e6f682699384af24d336eb862f647b7ed1;3.9.2;2023-09-25;1df4e1f;2023-07-26;70ae7649;2023-09-22;filter, parser, deduplicator, istex, crossref, sudoc, hal, enhancer, geolocalizer, cut, on-campus-counter, qualifier, anonymizer;;;;FR;42.7028;9.45;d465b3e25bf3a5b2ede77bcaa747b93f027bd2dd;;https://nouveau.europresse.com:443/Pdf/ImageList?docName=pdf%C2%B720230915%C2%B7NIC_P%C2%B733;200;1242
2023-09-16T08:25:16+02:00;2023-09-16;2fd8646bf55406bcc4670a56377ed71592d57a72;europresse;Europresse;CEDROM-SNi;ARTICLE;PDF;;;;;;;pdf·20230915·NIC_P·34;nouveau.europresse.com;N;9733afa499486242433f8b21d7226a585791a666;3.9.2;2023-09-25;1df4e1f;2023-07-26;70ae7649;2023-09-22;filter, parser, deduplicator, istex, crossref, sudoc, hal, enhancer, geolocalizer, cut, on-campus-counter, qualifier, anonymizer;;;;FR;42.7028;9.45;d465b3e25bf3a5b2ede77bcaa747b93f027bd2dd;;https://nouveau.europresse.com:443/Pdf/ImageList?docName=pdf%C2%B720230915%C2%B7NIC_P%C2%B734;200;1243
2023-09-16T08:25:37+02:00;2023-09-16;2fd8646bf55406bcc4670a56377ed71592d57a72;europresse;Europresse;CEDROM-SNi;ARTICLE;PDF;;;;;;;pdf·20230915·NIC_P·35;nouveau.europresse.com;N;ac56eb3a3732189e1d3517a968b42024b181ef7d;3.9.2;2023-09-25;1df4e1f;2023-07-26;70ae7649;2023-09-22;filter, parser, deduplicator, istex, crossref, sudoc, hal, enhancer, geolocalizer, cut, on-campus-counter, qualifier, anonymizer;;;;FR;42.7028;9.45;d465b3e25bf3a5b2ede77bcaa747b93f027bd2dd;;https://nouveau.europresse.com:443/Pdf/ImageList?docName=pdf%C2%B720230915%C2%B7NIC_P%C2%B735;200;1242
2023-09-16T08:26:38+02:00;2023-09-16;2fd8646bf55406bcc4670a56377ed71592d57a72;europresse;Europresse;CEDROM-SNi;ARTICLE;PDF;;;;;;;pdf·20230915·NIC_P·36;nouveau.europresse.com;N;66722abe6639be3bd6f776e96fae218f50c9118d;3.9.2;2023-09-25;1df4e1f;2023-07-26;70ae7649;2023-09-22;filter, parser, deduplicator, istex, crossref, sudoc, hal, enhancer, geolocalizer, cut, on-campus-counter, qualifier, anonymizer;;;;FR;42.7028;9.45;d465b3e25bf3a5b2ede77bcaa747b93f027bd2dd;;https://nouveau.europresse.com:443/Pdf/ImageList?docName=pdf%C2%B720230915%C2%B7NIC_P%C2%B736;200;1243
2023-09-16T08:27:08+02:00;2023-09-16;2fd8646bf55406bcc4670a56377ed71592d57a72;europresse;Europresse;CEDROM-SNi;ARTICLE;PDF;;;;;;;pdf·20230915·NIC_P·37;nouveau.europresse.com;N;ab368885aa6156e0184353eb418595dd2cb8f7cf;3.9.2;2023-09-25;1df4e1f;2023-07-26;70ae7649;2023-09-22;filter, parser, deduplicator, istex, crossref, sudoc, hal, enhancer, geolocalizer, cut, on-campus-counter, qualifier, anonymizer;;;;FR;42.7028;9.45;d465b3e25bf3a5b2ede77bcaa747b93f027bd2dd;;https://nouveau.europresse.com:443/Pdf/ImageList?docName=pdf%C2%B720230915%C2%B7NIC_P%C2%B737;200;1243
2023-09-16T08:27:25+02:00;2023-09-16;2fd8646bf55406bcc4670a56377ed71592d57a72;europresse;Europresse;CEDROM-SNi;ARTICLE;PDF;;;;;;;pdf·20230915·NIC_P·36;nouveau.europresse.com;N;d0d9a435b5aecd2d5f641dcc9e7267f93313e328;3.9.2;2023-09-25;1df4e1f;2023-07-26;70ae7649;2023-09-22;filter, parser, deduplicator, istex, crossref, sudoc, hal, enhancer, geolocalizer, cut, on-campus-counter, qualifier, anonymizer;;;;FR;42.7028;9.45;d465b3e25bf3a5b2ede77bcaa747b93f027bd2dd;;https://nouveau.europresse.com:443/Pdf/ImageList?docName=pdf%C2%B720230915%C2%B7NIC_P%C2%B736;200;1243
2023-09-16T08:28:23+02:00;2023-09-16;2fd8646bf55406bcc4670a56377ed71592d57a72;europresse;Europresse;CEDROM-SNi;ARTICLE;PDF;;;;;;;pdf·20230915·NIC_P·37;nouveau.europresse.com;N;a548295302803b5ff2202e2d3f7248c7d6d8fcf8;3.9.2;2023-09-25;1df4e1f;2023-07-26;70ae7649;2023-09-22;filter, parser, deduplicator, istex, crossref, sudoc, hal, enhancer, geolocalizer, cut, on-campus-counter, qualifier, anonymizer;;;;FR;42.7028;9.45;d465b3e25bf3a5b2ede77bcaa747b93f027bd2dd;;https://nouveau.europresse.com:443/Pdf/ImageList?docName=pdf%C2%B720230915%C2%B7NIC_P%C2%B737;200;1243
2023-09-16T08:29:02+02:00;2023-09-16;2fd8646bf55406bcc4670a56377ed71592d57a72;europresse;Europresse;CEDROM-SNi;ARTICLE;PDF;;;;;;;pdf·20230915·NIC_P·38;nouveau.europresse.com;N;538e0bba9a9fe02234797da68318116e3dccc1b5;3.9.2;2023-09-25;1df4e1f;2023-07-26;70ae7649;2023-09-22;filter, parser, deduplicator, istex, crossref, sudoc, hal, enhancer, geolocalizer, cut, on-campus-counter, qualifier, anonymizer;;;;FR;42.7028;9.45;d465b3e25bf3a5b2ede77bcaa747b93f027bd2dd;;https://nouveau.europresse.com:443/Pdf/ImageList?docName=pdf%C2%B720230915%C2%B7NIC_P%C2%B738;200;1242
2023-09-16T08:29:25+02:00;2023-09-16;2fd8646bf55406bcc4670a56377ed71592d57a72;europresse;Europresse;CEDROM-SNi;ARTICLE;PDF;;;;;;;pdf·20230915·NIC_P·39;nouveau.europresse.com;N;f21c39f5f30ba6ae106c0327546221377795a841;3.9.2;2023-09-25;1df4e1f;2023-07-26;70ae7649;2023-09-22;filter, parser, deduplicator, istex, crossref, sudoc, hal, enhancer, geolocalizer, cut, on-campus-counter, qualifier, anonymizer;;;;FR;42.7028;9.45;d465b3e25bf3a5b2ede77bcaa747b93f027bd2dd;;https://nouveau.europresse.com:443/Pdf/ImageList?docName=pdf%C2%B720230915%C2%B7NIC_P%C2%B739;200;1243
2023-09-16T08:30:34+02:00;2023-09-16;2fd8646bf55406bcc4670a56377ed71592d57a72;europresse;Europresse;CEDROM-SNi;ARTICLE;PDF;;;;;;;pdf·20230915·NIC_P·40;nouveau.europresse.com;N;c79aa72d126f0eb4d5b07e67324573e3f74764ef;3.9.2;2023-09-25;1df4e1f;2023-07-26;70ae7649;2023-09-22;filter, parser, deduplicator, istex, crossref, sudoc, hal, enhancer, geolocalizer, cut, on-campus-counter, qualifier, anonymizer;;;;FR;42.7028;9.45;d465b3e25bf3a5b2ede77bcaa747b93f027bd2dd;;https://nouveau.europresse.com:443/Pdf/ImageList?docName=pdf%C2%B720230915%C2%B7NIC_P%C2%B740;200;1243
2023-09-16T08:31:00+02:00;2023-09-16;2fd8646bf55406bcc4670a56377ed71592d57a72;europresse;Europresse;CEDROM-SNi;ARTICLE;PDF;;;;;;;pdf·20230915·NIC_P·41;nouveau.europresse.com;N;5a6867ba679de717a645083626e9b99b578d9345;3.9.2;2023-09-25;1df4e1f;2023-07-26;70ae7649;2023-09-22;filter, parser, deduplicator, istex, crossref, sudoc, hal, enhancer, geolocalizer, cut, on-campus-counter, qualifier, anonymizer;;;;FR;42.7028;9.45;d465b3e25bf3a5b2ede77bcaa747b93f027bd2dd;;https://nouveau.europresse.com:443/Pdf/ImageList?docName=pdf%C2%B720230915%C2%B7NIC_P%C2%B741;200;1243
2023-09-16T08:31:14+02:00;2023-09-16;2fd8646bf55406bcc4670a56377ed71592d57a72;europresse;Europresse;CEDROM-SNi;ARTICLE;PDF;;;;;;;pdf·20230915·NIC_P·42;nouveau.europresse.com;N;cc3b5f31557bcb6fa24eb904043bf0279c23495e;3.9.2;2023-09-25;1df4e1f;2023-07-26;70ae7649;2023-09-22;filter, parser, deduplicator, istex, crossref, sudoc, hal, enhancer, geolocalizer, cut, on-campus-counter, qualifier, anonymizer;;;;FR;42.7028;9.45;d465b3e25bf3a5b2ede77bcaa747b93f027bd2dd;;https://nouveau.europresse.com:443/Pdf/ImageList?docName=pdf%C2%B720230915%C2%B7NIC_P%C2%B742;200;1243
2023-09-16T08:34:38+02:00;2023-09-16;2fd8646bf55406bcc4670a56377ed71592d57a72;europresse;Europresse;CEDROM-SNi;ARTICLE;PDF;;;;;;;pdf·20230915·NIC_P·43;nouveau.europresse.com;N;3c3e2f2ca9024c7ea853a5c5f69b5d312b07ac2d;3.9.2;2023-09-25;1df4e1f;2023-07-26;70ae7649;2023-09-22;filter, parser, deduplicator, istex, crossref, sudoc, hal, enhancer, geolocalizer, cut, on-campus-counter, qualifier, anonymizer;;;;FR;42.7028;9.45;d465b3e25bf3a5b2ede77bcaa747b93f027bd2dd;;https://nouveau.europresse.com:443/Pdf/ImageList?docName=pdf%C2%B720230915%C2%B7NIC_P%C2%B743;200;1243
2023-09-16T08:35:13+02:00;2023-09-16;2fd8646bf55406bcc4670a56377ed71592d57a72;europresse;Europresse;CEDROM-SNi;ARTICLE;PDF;;;;;;;pdf·20230915·NIC_P·44;nouveau.europresse.com;N;dd5f8144805eb1b9f9cadeb7c4438fc546a0db9c;3.9.2;2023-09-25;1df4e1f;2023-07-26;70ae7649;2023-09-22;filter, parser, deduplicator, istex, crossref, sudoc, hal, enhancer, geolocalizer, cut, on-campus-counter, qualifier, anonymizer;;;;FR;42.7028;9.45;d465b3e25bf3a5b2ede77bcaa747b93f027bd2dd;;https://nouveau.europresse.com:443/Pdf/ImageList?docName=pdf%C2%B720230915%C2%B7NIC_P%C2%B744;200;1243
2023-09-16T08:35:43+02:00;2023-09-16;2fd8646bf55406bcc4670a56377ed71592d57a72;europresse;Europresse;CEDROM-SNi;ARTICLE;PDF;;;;;;;pdf·20230915·NIC_P·45;nouveau.europresse.com;N;3a7ab9746c6335ade62684df24c62feb2bf50e72;3.9.2;2023-09-25;1df4e1f;2023-07-26;70ae7649;2023-09-22;filter, parser, deduplicator, istex, crossref, sudoc, hal, enhancer, geolocalizer, cut, on-campus-counter, qualifier, anonymizer;;;;FR;42.7028;9.45;d465b3e25bf3a5b2ede77bcaa747b93f027bd2dd;;https://nouveau.europresse.com:443/Pdf/ImageList?docName=pdf%C2%B720230915%C2%B7NIC_P%C2%B745;200;1243
2023-09-16T08:36:52+02:00;2023-09-16;2fd8646bf55406bcc4670a56377ed71592d57a72;europresse;Europresse;CEDROM-SNi;ARTICLE;PDF;;;;;;;pdf·20230915·NIC_P·46;nouveau.europresse.com;N;7bb03e2fa2a2c031dd6611f8dc32e47922984a70;3.9.2;2023-09-25;1df4e1f;2023-07-26;70ae7649;2023-09-22;filter, parser, deduplicator, istex, crossref, sudoc, hal, enhancer, geolocalizer, cut, on-campus-counter, qualifier, anonymizer;;;;FR;42.7028;9.45;d465b3e25bf3a5b2ede77bcaa747b93f027bd2dd;;https://nouveau.europresse.com:443/Pdf/ImageList?docName=pdf%C2%B720230915%C2%B7NIC_P%C2%B746;200;1243
2023-09-16T08:37:11+02:00;2023-09-16;2fd8646bf55406bcc4670a56377ed71592d57a72;europresse;Europresse;CEDROM-SNi;ARTICLE;PDF;;;;;;;pdf·20230915·NIC_P·47;nouveau.europresse.com;N;638b68c39d6dd98ed0dba456bd8a9fb083d6538d;3.9.2;2023-09-25;1df4e1f;2023-07-26;70ae7649;2023-09-22;filter, parser, deduplicator, istex, crossref, sudoc, hal, enhancer, geolocalizer, cut, on-campus-counter, qualifier, anonymizer;;;;FR;42.7028;9.45;d465b3e25bf3a5b2ede77bcaa747b93f027bd2dd;;https://nouveau.europresse.com:443/Pdf/ImageList?docName=pdf%C2%B720230915%C2%B7NIC_P%C2%B747;200;1243
2023-09-16T08:37:30+02:00;2023-09-16;2fd8646bf55406bcc4670a56377ed71592d57a72;europresse;Europresse;CEDROM-SNi;ARTICLE;PDF;;;;;;;pdf·20230915·NIC_P·48;nouveau.europresse.com;N;b87239719da793aa83d4220e0fbe876ef9b9ca10;3.9.2;2023-09-25;1df4e1f;2023-07-26;70ae7649;2023-09-22;filter, parser, deduplicator, istex, crossref, sudoc, hal, enhancer, geolocalizer, cut, on-campus-counter, qualifier, anonymizer;;;;FR;42.7028;9.45;d465b3e25bf3a5b2ede77bcaa747b93f027bd2dd;;https://nouveau.europresse.com:443/Pdf/ImageList?docName=pdf%C2%B720230915%C2%B7NIC_P%C2%B748;200;1243
2023-09-16T08:37:55+02:00;2023-09-16;2fd8646bf55406bcc4670a56377ed71592d57a72;europresse;Europresse;CEDROM-SNi;ARTICLE;PDF;;;;;;;pdf·20230915·NIC_P·47;nouveau.europresse.com;N;71288197ee3d3da9bf3ab89f3669cda5eecc4122;3.9.2;2023-09-25;1df4e1f;2023-07-26;70ae7649;2023-09-22;filter, parser, deduplicator, istex, crossref, sudoc, hal, enhancer, geolocalizer, cut, on-campus-counter, qualifier, anonymizer;;;;FR;42.7028;9.45;d465b3e25bf3a5b2ede77bcaa747b93f027bd2dd;;https://nouveau.europresse.com:443/Pdf/ImageList?docName=pdf%C2%B720230915%C2%B7NIC_P%C2%B747;200;1243
2023-09-16T08:38:13+02:00;2023-09-16;2fd8646bf55406bcc4670a56377ed71592d57a72;europresse;Europresse;CEDROM-SNi;ARTICLE;PDF;;;;;;;pdf·20230915·NIC_P·49;nouveau.europresse.com;N;9ae598b2c7715598d52edb4a800e8c3f673f8f21;3.9.2;2023-09-25;1df4e1f;2023-07-26;70ae7649;2023-09-22;filter, parser, deduplicator, istex, crossref, sudoc, hal, enhancer, geolocalizer, cut, on-campus-counter, qualifier, anonymizer;;;;FR;42.7028;9.45;d465b3e25bf3a5b2ede77bcaa747b93f027bd2dd;;https://nouveau.europresse.com:443/Pdf/ImageList?docName=pdf%C2%B720230915%C2%B7NIC_P%C2%B749;200;1243
2023-09-16T08:38:34+02:00;2023-09-16;2fd8646bf55406bcc4670a56377ed71592d57a72;europresse;Europresse;CEDROM-SNi;ARTICLE;PDF;;;;;;;pdf·20230915·NIC_P·50;nouveau.europresse.com;N;709cc7bbbc12aa14c1c3ba36fdff23a02e35b4a2;3.9.2;2023-09-25;1df4e1f;2023-07-26;70ae7649;2023-09-22;filter, parser, deduplicator, istex, crossref, sudoc, hal, enhancer, geolocalizer, cut, on-campus-counter, qualifier, anonymizer;;;;FR;42.7028;9.45;d465b3e25bf3a5b2ede77bcaa747b93f027bd2dd;;https://nouveau.europresse.com:443/Pdf/ImageList?docName=pdf%C2%B720230915%C2%B7NIC_P%C2%B750;200;1243
2023-09-16T08:38:59+02:00;2023-09-16;4ba7eb7ec37dab94ca84c993e869d5d457abb469;dalloz;Dalloz;Dalloz;;HTML;;;;;;;AJCT/CHRON/2017/0600;www.dalloz.fr;N;23091e9c46273c1dbc6dc25d21ff26c0bb88cffa;3.9.2;2023-09-25;1df4e1f;2023-07-26;70ae7649;2023-09-22;filter, parser, deduplicator, istex, crossref, sudoc, hal, enhancer, geolocalizer, cut, on-campus-counter, qualifier, anonymizer;;;;FR;43.2951;5.3861;da9460498e293b49ee3e0f0e09a83910bc4d761e;;https://www.dalloz.fr:443/documentation/Document?ctxt=0_YSR0MD1BdXRvdXIgZGVzIG1vdHMuLi4gbW9yYWxpc2F0aW9uLCBjb25maWFuY2UsIHRyYW5zcGFyZW5jZSwgZXhlbXBsYXJpdMOpLi7Cp3gkc2Y9c2ltcGxlLXNlYXJjaA%3D%3D&ctxtl=0_cyRwYWdlTnVtPTHCp3MkdHJpZGF0ZT1GYWxzZcKncyRzb3J0PSNkZWZhdWx0X0Rlc2PCp3Mkc2xOYlBhZz0yMMKncyRpc2Fibz1UcnVlwqdzJHBhZ2luZz1UcnVlwqdzJG9uZ2xldD3Cp3MkZnJlZXNjb3BlPUZhbHNlwqdzJHdvSVM9RmFsc2XCp3Mkd29TUENIPUZhbHNlwqdzJGZsb3dNb2RlPUZhbHNlwqdzJGJxPcKncyRzZWFyY2hMYWJlbD3Cp3Mkc2VhcmNoQ2xhc3M9&id=AJCT%2FCHRON%2F2017%2F0600;200;295672
2023-09-16T08:39:15+02:00;2023-09-16;2fd8646bf55406bcc4670a56377ed71592d57a72;europresse;Europresse;CEDROM-SNi;ARTICLE;PDF;;;;;;;pdf·20230915·NIC_P·51;nouveau.europresse.com;N;060c6323eb7da4947a47fb645885521caac66cba;3.9.2;2023-09-25;1df4e1f;2023-07-26;70ae7649;2023-09-22;filter, parser, deduplicator, istex, crossref, sudoc, hal, enhancer, geolocalizer, cut, on-campus-counter, qualifier, anonymizer;;;;FR;42.7028;9.45;d465b3e25bf3a5b2ede77bcaa747b93f027bd2dd;;https://nouveau.europresse.com:443/Pdf/ImageList?docName=pdf%C2%B720230915%C2%B7NIC_P%C2%B751;200;1243
2023-09-16T08:39:39+02:00;2023-09-16;2fd8646bf55406bcc4670a56377ed71592d57a72;europresse;Europresse;CEDROM-SNi;ARTICLE;PDF;;;;;;;pdf·20230915·NIC_P·52;nouveau.europresse.com;N;f2d36bd21916ffa26b6a179fe9fe9ca5750b9f5a;3.9.2;2023-09-25;1df4e1f;2023-07-26;70ae7649;2023-09-22;filter, parser, deduplicator, istex, crossref, sudoc, hal, enhancer, geolocalizer, cut, on-campus-counter, qualifier, anonymizer;;;;FR;42.7028;9.45;d465b3e25bf3a5b2ede77bcaa747b93f027bd2dd;;https://nouveau.europresse.com:443/Pdf/ImageList?docName=pdf%C2%B720230915%C2%B7NIC_P%C2%B752;200;1243
2023-09-16T08:40:04+02:00;2023-09-16;4ba7eb7ec37dab94ca84c993e869d5d457abb469;dalloz;Dalloz;Dalloz;;HTML;;;;;;;RDSS/CHRON/2018/0279;www.dalloz.fr;N;64bb3cf1a13b29cb64f4796dde30a0e3caf09b2a;3.9.2;2023-09-25;1df4e1f;2023-07-26;70ae7649;2023-09-22;filter, parser, deduplicator, istex, crossref, sudoc, hal, enhancer, geolocalizer, cut, on-campus-counter, qualifier, anonymizer;;;;FR;43.2951;5.3861;da9460498e293b49ee3e0f0e09a83910bc4d761e;;https://www.dalloz.fr:443/documentation/Document?ctxt=0_YSR0MD1MYSB0cmFuc3BhcmVuY2UgOiB1biBvdXRpbCBhdSBzZXJ2aWNlIGRlIGxhIHByw6l2ZW50aW9uIGRlcyBjb25mbGl0cyBk4oCZaW50w6lyw6p0cyBkYW5zIGxlIHNlY3RldXIgZGUgbGEgc2FudMOpwqd4JHNmPXNpbXBsZS1zZWFyY2g%3D&ctxtl=0_cyRwYWdlTnVtPTHCp3MkdHJpZGF0ZT1GYWxzZcKncyRzb3J0PSNkZWZhdWx0X0Rlc2PCp3Mkc2xOYlBhZz0yMMKncyRpc2Fibz1UcnVlwqdzJHBhZ2luZz1UcnVlwqdzJG9uZ2xldD3Cp3MkZnJlZXNjb3BlPUZhbHNlwqdzJHdvSVM9RmFsc2XCp3Mkd29TUENIPUZhbHNlwqdzJGZsb3dNb2RlPUZhbHNlwqdzJGJxPcKncyRzZWFyY2hMYWJlbD3Cp3Mkc2VhcmNoQ2xhc3M9&id=RDSS%2FCHRON%2F2018%2F0279;200;293367
2023-09-16T08:49:35+02:00;2023-09-16;1a102f9ca92bcc66b2e41a312f75e2088a8d16d7;dalloz;Dalloz;Dalloz;;HTML;;;;;;;RECUEIL/NOTE/1995/0206;www.dalloz.fr;N;dc67d86bf346d5b4d0ad99a4076851d4e3cc66f6;3.9.2;2023-09-25;1df4e1f;2023-07-26;70ae7649;2023-09-22;filter, parser, deduplicator, istex, crossref, sudoc, hal, enhancer, geolocalizer, cut, on-campus-counter, qualifier, anonymizer;;;;FR;48.8543;2.3527;d2b0679c9f9c9a3911c15b39a69ea8138b18d499;;https://www.dalloz.fr:443/documentation/Document?ctxt=0_YSRzMT1FVMKnYSRzMz1FVMKnYSRzMj1FVMKndCRzMD05QkVBRDg0RMKnaCRoMz03QzgyRjU1RcKnaCRoNj0xOTk1wqdoJGg1PTUxM8KneCRzZj1wYWdlLXJlY2hlcmNoZQ%3D%3D&ctxtl=0_cyRwYWdlTnVtPTHCp3MkdHJpZGF0ZT1GYWxzZcKncyRzb3J0PSNkZWZhdWx0X0Rlc2PCp3Mkc2xOYlBhZz0yMMKncyRpc2Fibz1UcnVlwqdzJHBhZ2luZz1UcnVlwqdzJG9uZ2xldD3Cp3MkZnJlZXNjb3BlPUZhbHNlwqdzJHdvSVM9RmFsc2XCp3Mkd29TUENIPUZhbHNlwqdzJGZsb3dNb2RlPUZhbHNlwqdzJGJxPcKncyRzZWFyY2hMYWJlbD3Cp3Mkc2VhcmNoQ2xhc3M9&id=RECUEIL%2FNOTE%2F1995%2F0206;200;350218
2023-09-16T08:51:14+02:00;2023-09-16;6289ecb0ef699f2bb072306ca3cdd5448ce32e4a;cairn;CAIRN;Cairn;TOC;HTML;9782715400450;;le-decrochage-scolaire;;Le décrochage scolaire;;le-decrochage-scolaire--9782715400450;www.cairn.info;N;02fd062e53f8afc8dd6f665c7e5391870eaf9705;3.9.2;2023-09-25;1df4e1f;2023-07-26;70ae7649;2023-09-22;filter, parser, deduplicator, istex, crossref, sudoc, hal, enhancer, geolocalizer, cut, on-campus-counter, qualifier, anonymizer;;;;FR;45.748;4.85;174a74d4467c7e037c423cda68fabcd34b743760;;https://www.cairn.info:443/le-decrochage-scolaire--9782715400450.htm;200;101225
2023-09-16T08:53:31+02:00;2023-09-16;6289ecb0ef699f2bb072306ca3cdd5448ce32e4a;cairn;CAIRN;Cairn;BOOK_SECTION;HTML;9782715400450;;le-decrochage-scolaire;;Le décrochage scolaire;;le-decrochage-scolaire--9782715400450-page-3;www.cairn.info;N;925cf7f1fcdb23aeca9d2681abe1f3bdc356615a;3.9.2;2023-09-25;1df4e1f;2023-07-26;70ae7649;2023-09-22;filter, parser, deduplicator, istex, crossref, sudoc, hal, enhancer, geolocalizer, cut, on-campus-counter, qualifier, anonymizer;;;;FR;45.748;4.85;174a74d4467c7e037c423cda68fabcd34b743760;;https://www.cairn.info:443/le-decrochage-scolaire--9782715400450-page-3.htm;200;84644
2023-09-16T08:53:31+02:00;2023-09-16;6289ecb0ef699f2bb072306ca3cdd5448ce32e4a;cairn;CAIRN;Cairn;BOOK_SECTION;HTML;9782715400450;;le-decrochage-scolaire;;Le décrochage scolaire;;le-decrochage-scolaire--9782715400450-page-5;www.cairn.info;N;2aeef55841b2d1fc5f50d4d1bc02ccaf4987c2a4;3.9.2;2023-09-25;1df4e1f;2023-07-26;70ae7649;2023-09-22;filter, parser, deduplicator, istex, crossref, sudoc, hal, enhancer, geolocalizer, cut, on-campus-counter, qualifier, anonymizer;;;;FR;45.748;4.85;174a74d4467c7e037c423cda68fabcd34b743760;;https://www.cairn.info:443/le-decrochage-scolaire--9782715400450-page-5.htm;200;129228
2023-09-16T08:53:31+02:00;2023-09-16;6289ecb0ef699f2bb072306ca3cdd5448ce32e4a;cairn;CAIRN;Cairn;BOOK_SECTION;HTML;9782715400450;;le-decrochage-scolaire;;Le décrochage scolaire;;le-decrochage-scolaire--9782715400450-page-23;www.cairn.info;N;22e8d382c8231915e8b12509ba4af3a4de85ec67;3.9.2;2023-09-25;1df4e1f;2023-07-26;70ae7649;2023-09-22;filter, parser, deduplicator, istex, crossref, sudoc, hal, enhancer, geolocalizer, cut, on-campus-counter, qualifier, anonymizer;;;;FR;45.748;4.85;174a74d4467c7e037c423cda68fabcd34b743760;;https://www.cairn.info:443/le-decrochage-scolaire--9782715400450-page-23.htm;200;177056
2023-09-16T08:53:31+02:00;2023-09-16;6289ecb0ef699f2bb072306ca3cdd5448ce32e4a;cairn;CAIRN;Cairn;BOOK_SECTION;HTML;9782715400450;;le-decrochage-scolaire;;Le décrochage scolaire;;le-decrochage-scolaire--9782715400450-page-93;www.cairn.info;N;44c91262adcb5cc626a4055110d9cfc6df2a5b7f;3.9.2;2023-09-25;1df4e1f;2023-07-26;70ae7649;2023-09-22;filter, parser, deduplicator, istex, crossref, sudoc, hal, enhancer, geolocalizer, cut, on-campus-counter, qualifier, anonymizer;;;;FR;45.748;4.85;174a74d4467c7e037c423cda68fabcd34b743760;;https://www.cairn.info:443/le-decrochage-scolaire--9782715400450-page-93.htm;200;149722
2023-09-16T08:53:31+02:00;2023-09-16;6289ecb0ef699f2bb072306ca3cdd5448ce32e4a;cairn;CAIRN;Cairn;BOOK_SECTION;HTML;9782715400450;;le-decrochage-scolaire;;Le décrochage scolaire;;le-decrochage-scolaire--9782715400450-page-119;www.cairn.info;N;28d9d6276b5690233b360fefa510d3ece24dcc6e;3.9.2;2023-09-25;1df4e1f;2023-07-26;70ae7649;2023-09-22;filter, parser, deduplicator, istex, crossref, sudoc, hal, enhancer, geolocalizer, cut, on-campus-counter, qualifier, anonymizer;;;;FR;45.748;4.85;174a74d4467c7e037c423cda68fabcd34b743760;;https://www.cairn.info:443/le-decrochage-scolaire--9782715400450-page-119.htm;200;88310
2023-09-16T08:53:31+02:00;2023-09-16;6289ecb0ef699f2bb072306ca3cdd5448ce32e4a;cairn;CAIRN;Cairn;BOOK_SECTION;HTML;9782715400450;;le-decrochage-scolaire;;Le décrochage scolaire;;le-decrochage-scolaire--9782715400450-page-58;www.cairn.info;N;fe857716c97fe97d308c38badaa27d22bca7316d;3.9.2;2023-09-25;1df4e1f;2023-07-26;70ae7649;2023-09-22;filter, parser, deduplicator, istex, crossref, sudoc, hal, enhancer, geolocalizer, cut, on-campus-counter, qualifier, anonymizer;;;;FR;45.748;4.85;174a74d4467c7e037c423cda68fabcd34b743760;;https://www.cairn.info:443/le-decrochage-scolaire--9782715400450-page-58.htm;200;178775
2023-09-16T08:53:55+02:00;2023-09-16;6289ecb0ef699f2bb072306ca3cdd5448ce32e4a;cairn;CAIRN;Cairn;BOOK_SECTION;HTML;;;PUF_BERNA_2019_01;;;;PUF_BERNA_2019_01_0001;www.cairn.info;N;1adfad34cec01a1f35f2f1b0c6d4742311b9a44f;3.9.2;2023-09-25;1df4e1f;2023-07-26;70ae7649;2023-09-22;filter, parser, deduplicator, istex, crossref, sudoc, hal, enhancer, geolocalizer, cut, on-campus-counter, qualifier, anonymizer;;;;FR;45.748;4.85;174a74d4467c7e037c423cda68fabcd34b743760;;https://www.cairn.info:443/feuilleter.php?ID_ARTICLE=PUF_BERNA_2019_01_0001;200;48161
2023-09-16T08:55:03+02:00;2023-09-16;6289ecb0ef699f2bb072306ca3cdd5448ce32e4a;cairn;CAIRN;Cairn;BOOK_SECTION;HTML;9782715400450;;le-decrochage-scolaire;;Le décrochage scolaire;;le-decrochage-scolaire--9782715400450-page-119;www.cairn.info;N;655279d7cac4a8199776ab521fbcd072c9667aee;3.9.2;2023-09-25;1df4e1f;2023-07-26;70ae7649;2023-09-22;filter, parser, deduplicator, istex, crossref, sudoc, hal, enhancer, geolocalizer, cut, on-campus-counter, qualifier, anonymizer;;;;FR;45.748;4.85;174a74d4467c7e037c423cda68fabcd34b743760;;https://www.cairn.info:443/le-decrochage-scolaire--9782715400450-page-119.htm;200;88334
2023-09-16T08:55:03+02:00;2023-09-16;6289ecb0ef699f2bb072306ca3cdd5448ce32e4a;cairn;CAIRN;Cairn;BOOK_SECTION;HTML;9782715400450;;le-decrochage-scolaire;;Le décrochage scolaire;;le-decrochage-scolaire--9782715400450-page-93;www.cairn.info;N;1a17c9d0a87128726b6f8202610183c4312763d8;3.9.2;2023-09-25;1df4e1f;2023-07-26;70ae7649;2023-09-22;filter, parser, deduplicator, istex, crossref, sudoc, hal, enhancer, geolocalizer, cut, on-campus-counter, qualifier, anonymizer;;;;FR;45.748;4.85;174a74d4467c7e037c423cda68fabcd34b743760;;https://www.cairn.info:443/le-decrochage-scolaire--9782715400450-page-93.htm;200;149744
2023-09-16T08:55:03+02:00;2023-09-16;6289ecb0ef699f2bb072306ca3cdd5448ce32e4a;cairn;CAIRN;Cairn;BOOK_SECTION;HTML;9782715400450;;le-decrochage-scolaire;;Le décrochage scolaire;;le-decrochage-scolaire--9782715400450-page-5;www.cairn.info;N;0b7eab0e301c30f8dcedbb4e6aeb18642f3329a9;3.9.2;2023-09-25;1df4e1f;2023-07-26;70ae7649;2023-09-22;filter, parser, deduplicator, istex, crossref, sudoc, hal, enhancer, geolocalizer, cut, on-campus-counter, qualifier, anonymizer;;;;FR;45.748;4.85;174a74d4467c7e037c423cda68fabcd34b743760;;https://www.cairn.info:443/le-decrochage-scolaire--9782715400450-page-5.htm;200;129328
2023-09-16T08:55:03+02:00;2023-09-16;6289ecb0ef699f2bb072306ca3cdd5448ce32e4a;cairn;CAIRN;Cairn;BOOK_SECTION;HTML;9782715400450;;le-decrochage-scolaire;;Le décrochage scolaire;;le-decrochage-scolaire--9782715400450-page-58;www.cairn.info;N;0fb29319b81332ea682c721d436be82e2faf8b8d;3.9.2;2023-09-25;1df4e1f;2023-07-26;70ae7649;2023-09-22;filter, parser, deduplicator, istex, crossref, sudoc, hal, enhancer, geolocalizer, cut, on-campus-counter, qualifier, anonymizer;;;;FR;45.748;4.85;174a74d4467c7e037c423cda68fabcd34b743760;;https://www.cairn.info:443/le-decrochage-scolaire--9782715400450-page-58.htm;200;178757
2023-09-16T08:55:05+02:00;2023-09-16;6289ecb0ef699f2bb072306ca3cdd5448ce32e4a;cairn;CAIRN;Cairn;BOOK_SECTION;HTML;9782715400450;;le-decrochage-scolaire;;Le décrochage scolaire;;le-decrochage-scolaire--9782715400450-page-3;www.cairn.info;N;bbb7efb186434ad2521a3726c87ff7b1417d9147;3.9.2;2023-09-25;1df4e1f;2023-07-26;70ae7649;2023-09-22;filter, parser, deduplicator, istex, crossref, sudoc, hal, enhancer, geolocalizer, cut, on-campus-counter, qualifier, anonymizer;;;;FR;45.748;4.85;174a74d4467c7e037c423cda68fabcd34b743760;;https://www.cairn.info:443/le-decrochage-scolaire--9782715400450-page-3.htm;200;84650
2023-09-16T08:55:15+02:00;2023-09-16;6289ecb0ef699f2bb072306ca3cdd5448ce32e4a;cairn;CAIRN;Cairn;BOOK_SECTION;HTML;9782715400450;;le-decrochage-scolaire;;Le décrochage scolaire;;le-decrochage-scolaire--9782715400450-page-23;www.cairn.info;N;e846b14dddb3bf5bd2e65f911a4d7f1e11dfd8c1;3.9.2;2023-09-25;1df4e1f;2023-07-26;70ae7649;2023-09-22;filter, parser, deduplicator, istex, crossref, sudoc, hal, enhancer, geolocalizer, cut, on-campus-counter, qualifier, anonymizer;;;;FR;45.748;4.85;174a74d4467c7e037c423cda68fabcd34b743760;;https://www.cairn.info:443/le-decrochage-scolaire--9782715400450-page-23.htm;200;177170
2023-09-16T08:55:17+02:00;2023-09-16;6289ecb0ef699f2bb072306ca3cdd5448ce32e4a;cairn;CAIRN;Cairn;BOOK_SECTION;HTML;;;PUF_BERNA_2019_01;;;;PUF_BERNA_2019_01_0003;www.cairn.info;N;9a199430fc01f6bb777f2c039e572925218b8b98;3.9.2;2023-09-25;1df4e1f;2023-07-26;70ae7649;2023-09-22;filter, parser, deduplicator, istex, crossref, sudoc, hal, enhancer, geolocalizer, cut, on-campus-counter, qualifier, anonymizer;;;;FR;45.748;4.85;174a74d4467c7e037c423cda68fabcd34b743760;;https://www.cairn.info:443/feuilleter.php?ID_ARTICLE=PUF_BERNA_2019_01_0003;200;48708
2023-09-16T08:55:25+02:00;2023-09-16;6289ecb0ef699f2bb072306ca3cdd5448ce32e4a;cairn;CAIRN;Cairn;BOOK_SECTION;HTML;9782715400450;;le-decrochage-scolaire;;Le décrochage scolaire;;le-decrochage-scolaire--9782715400450-page-93;www.cairn.info;N;8ca584bd3850c3aa4d9821939cdb32eb11af0b0c;3.9.2;2023-09-25;1df4e1f;2023-07-26;70ae7649;2023-09-22;filter, parser, deduplicator, istex, crossref, sudoc, hal, enhancer, geolocalizer, cut, on-campus-counter, qualifier, anonymizer;;;;FR;45.748;4.85;174a74d4467c7e037c423cda68fabcd34b743760;;https://www.cairn.info:443/le-decrochage-scolaire--9782715400450-page-93.htm;200;149724
2023-09-16T08:55:34+02:00;2023-09-16;6289ecb0ef699f2bb072306ca3cdd5448ce32e4a;cairn;CAIRN;Cairn;BOOK_SECTION;HTML;9782715400450;;le-decrochage-scolaire;;Le décrochage scolaire;;le-decrochage-scolaire--9782715400450-page-58;www.cairn.info;N;adeee43e8b21b52cd5c592559a0c782b3ba10ef3;3.9.2;2023-09-25;1df4e1f;2023-07-26;70ae7649;2023-09-22;filter, parser, deduplicator, istex, crossref, sudoc, hal, enhancer, geolocalizer, cut, on-campus-counter, qualifier, anonymizer;;;;FR;45.748;4.85;174a74d4467c7e037c423cda68fabcd34b743760;;https://www.cairn.info:443/le-decrochage-scolaire--9782715400450-page-58.htm;200;178731
2023-09-16T08:55:35+02:00;2023-09-16;4ba7eb7ec37dab94ca84c993e869d5d457abb469;dalloz;Dalloz;Dalloz;;HTML;;;;;;;RECUEIL/JURIS/1992/0176;www.dalloz.fr;N;4c59107605f6e4bac646f1f3a100a45bb0ff9b0c;3.9.2;2023-09-25;1df4e1f;2023-07-26;70ae7649;2023-09-22;filter, parser, deduplicator, istex, crossref, sudoc, hal, enhancer, geolocalizer, cut, on-campus-counter, qualifier, anonymizer;;;;FR;43.2951;5.3861;da9460498e293b49ee3e0f0e09a83910bc4d761e;;https://www.dalloz.fr:443/documentation/Document?ctxt=0_YSR0MD0ibCdpbnN0cnVtZW50IG3Dqm1lIsKneCRzZj1zaW1wbGUtc2VhcmNo&ctxtl=0_cyRwYWdlTnVtPTHCp3MkdHJpZGF0ZT1GYWxzZcKncyRzb3J0PSNkZWZhdWx0X0Rlc2PCp3Mkc2xOYlBhZz0yMMKncyRpc2Fibz1UcnVlwqdzJHBhZ2luZz1UcnVlwqdzJG9uZ2xldD3Cp3MkZnJlZXNjb3BlPUZhbHNlwqdzJHdvSVM9RmFsc2XCp3Mkd29TUENIPUZhbHNlwqdzJGZsb3dNb2RlPUZhbHNlwqdzJGJxPcKncyRzZWFyY2hMYWJlbD3Cp3Mkc2VhcmNoQ2xhc3M9wqdzJHo9MERCRkM4REIvNkIxMjFGQ0I%3D&id=RECUEIL%2FJURIS%2F1992%2F0176;200;344485
2023-09-16T08:55:43+02:00;2023-09-16;6289ecb0ef699f2bb072306ca3cdd5448ce32e4a;cairn;CAIRN;Cairn;BOOK_SECTION;HTML;9782715400450;;le-decrochage-scolaire;;Le décrochage scolaire;;le-decrochage-scolaire--9782715400450-page-119;www.cairn.info;N;201fd75d37c652f44ba54e100a5ca698a7e330e1;3.9.2;2023-09-25;1df4e1f;2023-07-26;70ae7649;2023-09-22;filter, parser, deduplicator, istex, crossref, sudoc, hal, enhancer, geolocalizer, cut, on-campus-counter, qualifier, anonymizer;;;;FR;45.748;4.85;174a74d4467c7e037c423cda68fabcd34b743760;;https://www.cairn.info:443/le-decrochage-scolaire--9782715400450-page-119.htm;200;88352
2023-09-16T08:55:52+02:00;2023-09-16;6289ecb0ef699f2bb072306ca3cdd5448ce32e4a;cairn;CAIRN;Cairn;BOOK_SECTION;HTML;9782715400450;;le-decrochage-scolaire;;Le décrochage scolaire;;le-decrochage-scolaire--9782715400450-page-5;www.cairn.info;N;c308f1578b28aa5506976829ac13058ef36e4713;3.9.2;2023-09-25;1df4e1f;2023-07-26;70ae7649;2023-09-22;filter, parser, deduplicator, istex, crossref, sudoc, hal, enhancer, geolocalizer, cut, on-campus-counter, qualifier, anonymizer;;;;FR;45.748;4.85;174a74d4467c7e037c423cda68fabcd34b743760;;https://www.cairn.info:443/le-decrochage-scolaire--9782715400450-page-5.htm;200;129274
2023-09-16T08:56:13+02:00;2023-09-16;4ba7eb7ec37dab94ca84c993e869d5d457abb469;dalloz;Dalloz;Dalloz;;HTML;;;;;;;DS/CHRON/2022/0086;www.dalloz.fr;N;33d69be7ac384e6df2bd412c2fd42e84b5fc4fcd;3.9.2;2023-09-25;1df4e1f;2023-07-26;70ae7649;2023-09-22;filter, parser, deduplicator, istex, crossref, sudoc, hal, enhancer, geolocalizer, cut, on-campus-counter, qualifier, anonymizer;;;;FR;43.2951;5.3861;da9460498e293b49ee3e0f0e09a83910bc4d761e;;https://www.dalloz.fr:443/documentation/Document?ctxt=0_YSR0MD0ibCdpbnN0cnVtZW50IG3Dqm1lIsKneCRzZj1zaW1wbGUtc2VhcmNo&ctxtl=0_cyRwYWdlTnVtPTHCp3MkdHJpZGF0ZT1GYWxzZcKncyRzb3J0PSNkZWZhdWx0X0Rlc2PCp3Mkc2xOYlBhZz0yMMKncyRpc2Fibz1UcnVlwqdzJHBhZ2luZz1UcnVlwqdzJG9uZ2xldD3Cp3MkZnJlZXNjb3BlPUZhbHNlwqdzJHdvSVM9RmFsc2XCp3Mkd29TUENIPUZhbHNlwqdzJGZsb3dNb2RlPUZhbHNlwqdzJGJxPcKncyRzZWFyY2hMYWJlbD3Cp3Mkc2VhcmNoQ2xhc3M9wqdzJHo9MERCRkM4REIvNkIxMjFGQ0I%3D&id=DS%2FCHRON%2F2022%2F0086;200;304666
2023-09-16T08:57:42+02:00;2023-09-16;4ba7eb7ec37dab94ca84c993e869d5d457abb469;dalloz;Dalloz;Dalloz;;HTML;;;;;;;DS/CHRON/2013/0026;www.dalloz.fr;N;16048a50fe5c4687f20283e984ee13358bf798a3;3.9.2;2023-09-25;1df4e1f;2023-07-26;70ae7649;2023-09-22;filter, parser, deduplicator, istex, crossref, sudoc, hal, enhancer, geolocalizer, cut, on-campus-counter, qualifier, anonymizer;;;;FR;43.2951;5.3861;da9460498e293b49ee3e0f0e09a83910bc4d761e;;https://www.dalloz.fr:443/documentation/Document?ctxt=0_YSR0MD0ibCdpbnN0cnVtZW50IG3Dqm1lIsKneCRzZj1zaW1wbGUtc2VhcmNo&ctxtl=0_cyRwYWdlTnVtPTHCp3MkdHJpZGF0ZT1GYWxzZcKncyRzb3J0PSNkZWZhdWx0X0Rlc2PCp3Mkc2xOYlBhZz0yMMKncyRpc2Fibz1UcnVlwqdzJHBhZ2luZz1UcnVlwqdzJG9uZ2xldD3Cp3MkZnJlZXNjb3BlPUZhbHNlwqdzJHdvSVM9RmFsc2XCp3Mkd29TUENIPUZhbHNlwqdzJGZsb3dNb2RlPUZhbHNlwqdzJGJxPcKncyRzZWFyY2hMYWJlbD3Cp3Mkc2VhcmNoQ2xhc3M9wqdzJHo9MERCRkM4REIvNkIxMjFGQ0I%3D&id=DS%2FCHRON%2F2013%2F0026;200;302524
2023-09-16T08:57:54+02:00;2023-09-16;4ba7eb7ec37dab94ca84c993e869d5d457abb469;dalloz;Dalloz;Dalloz;;HTML;;;;;;;DS/CHRON/2013/0026;www.dalloz.fr;N;88c3eaddc4274bd1908830ebf187714a3274e78c;3.9.2;2023-09-25;1df4e1f;2023-07-26;70ae7649;2023-09-22;filter, parser, deduplicator, istex, crossref, sudoc, hal, enhancer, geolocalizer, cut, on-campus-counter, qualifier, anonymizer;;;;FR;43.2951;5.3861;da9460498e293b49ee3e0f0e09a83910bc4d761e;;https://www.dalloz.fr:443/documentation/Document?ctxt=0_YSR0MD0ibCdpbnN0cnVtZW50IG3Dqm1lIsKneCRzZj1zaW1wbGUtc2VhcmNo&ctxtl=0_cyRwYWdlTnVtPTHCp3MkdHJpZGF0ZT1GYWxzZcKncyRzb3J0PSNkZWZhdWx0X0Rlc2PCp3Mkc2xOYlBhZz0yMMKncyRpc2Fibz1UcnVlwqdzJHBhZ2luZz1UcnVlwqdzJG9uZ2xldD3Cp3MkZnJlZXNjb3BlPUZhbHNlwqdzJHdvSVM9RmFsc2XCp3Mkd29TUENIPUZhbHNlwqdzJGZsb3dNb2RlPUZhbHNlwqdzJGJxPcKncyRzZWFyY2hMYWJlbD3Cp3Mkc2VhcmNoQ2xhc3M9wqdzJHo9MERCRkM4REIvNkIxMjFGQ0I%3D&id=DS%2FCHRON%2F2013%2F0026;200;302524
2023-09-16T08:58:08+02:00;2023-09-16;4ba7eb7ec37dab94ca84c993e869d5d457abb469;dalloz;Dalloz;Dalloz;;HTML;;;;;;;RFDA/CHRON/2018/0073;www.dalloz.fr;N;86fe36346955678495fd1ab98786b041c3627bbf;3.9.2;2023-09-25;1df4e1f;2023-07-26;70ae7649;2023-09-22;filter, parser, deduplicator, istex, crossref, sudoc, hal, enhancer, geolocalizer, cut, on-campus-counter, qualifier, anonymizer;;;;FR;43.2951;5.3861;da9460498e293b49ee3e0f0e09a83910bc4d761e;;https://www.dalloz.fr:443/documentation/Document?ctxt=0_YSR0MD0ibCdpbnN0cnVtZW50IG3Dqm1lIsKneCRzZj1zaW1wbGUtc2VhcmNo&ctxtl=0_cyRwYWdlTnVtPTHCp3MkdHJpZGF0ZT1GYWxzZcKncyRzb3J0PSNkZWZhdWx0X0Rlc2PCp3Mkc2xOYlBhZz0yMMKncyRpc2Fibz1UcnVlwqdzJHBhZ2luZz1UcnVlwqdzJG9uZ2xldD3Cp3MkZnJlZXNjb3BlPUZhbHNlwqdzJHdvSVM9RmFsc2XCp3Mkd29TUENIPUZhbHNlwqdzJGZsb3dNb2RlPUZhbHNlwqdzJGJxPcKncyRzZWFyY2hMYWJlbD3Cp3Mkc2VhcmNoQ2xhc3M9wqdzJHo9MERCRkM4REIvNkIxMjFGQ0I%3D&id=RFDA%2FCHRON%2F2018%2F0073;200;297737
2023-09-16T08:58:08+02:00;2023-09-16;6a06d0ccdf6685310400fbece445bbad1a85b9e9;cairn;CAIRN;Cairn;BOOK_SECTION;HTML;;;PUF_BERNA_2019_01;;;;PUF_BERNA_2019_01_0003;www.cairn.info;N;bc6469790f3f6ce00f16b8ea82cdc7fd212ad25d;3.9.2;2023-09-25;1df4e1f;2023-07-26;70ae7649;2023-09-22;filter, parser, deduplicator, istex, crossref, sudoc, hal, enhancer, geolocalizer, cut, on-campus-counter, qualifier, anonymizer;;;;FR;45.748;4.85;174a74d4467c7e037c423cda68fabcd34b743760;;https://www.cairn.info:443/feuilleter.php?ID_ARTICLE=PUF_BERNA_2019_01_0003;200;48861
2023-09-16T09:00:31+02:00;2023-09-16;6a06d0ccdf6685310400fbece445bbad1a85b9e9;cairn;CAIRN;Cairn;BOOK_SECTION;HTML;;;PUF_BERNA_2019_01;;;;PUF_BERNA_2019_01_0005;www.cairn.info;N;7b88bf9da6a2c912d8f0c777bfa31ab2b5c143d7;3.9.2;2023-09-25;1df4e1f;2023-07-26;70ae7649;2023-09-22;filter, parser, deduplicator, istex, crossref, sudoc, hal, enhancer, geolocalizer, cut, on-campus-counter, qualifier, anonymizer;;;;FR;45.748;4.85;174a74d4467c7e037c423cda68fabcd34b743760;;https://www.cairn.info:443/feuilleter.php?ID_ARTICLE=PUF_BERNA_2019_01_0005;200;49055
2023-09-16T09:01:24+02:00;2023-09-16;6a06d0ccdf6685310400fbece445bbad1a85b9e9;cairn;CAIRN;Cairn;BOOK_SECTION;HTML;;;PUF_BERNA_2019_01;;;;PUF_BERNA_2019_01_0023;www.cairn.info;N;cdb6d6feaefd417467d6bce598f1cffa354d6b59;3.9.2;2023-09-25;1df4e1f;2023-07-26;70ae7649;2023-09-22;filter, parser, deduplicator, istex, crossref, sudoc, hal, enhancer, geolocalizer, cut, on-campus-counter, qualifier, anonymizer;;;;FR;45.748;4.85;174a74d4467c7e037c423cda68fabcd34b743760;;https://www.cairn.info:443/feuilleter.php?ID_ARTICLE=PUF_BERNA_2019_01_0023;200;48953
2023-09-16T09:02:03+02:00;2023-09-16;6a06d0ccdf6685310400fbece445bbad1a85b9e9;cairn;CAIRN;Cairn;BOOK_SECTION;HTML;;;PUF_BERNA_2019_01;;;;PUF_BERNA_2019_01_0058;www.cairn.info;N;df602bf6c9f2bc95b788270989f2cdcf4184785d;3.9.2;2023-09-25;1df4e1f;2023-07-26;70ae7649;2023-09-22;filter, parser, deduplicator, istex, crossref, sudoc, hal, enhancer, geolocalizer, cut, on-campus-counter, qualifier, anonymizer;;;;FR;45.748;4.85;174a74d4467c7e037c423cda68fabcd34b743760;;https://www.cairn.info:443/feuilleter.php?ID_ARTICLE=PUF_BERNA_2019_01_0058;200;48951
2023-09-16T09:02:42+02:00;2023-09-16;6a06d0ccdf6685310400fbece445bbad1a85b9e9;cairn;CAIRN;Cairn;BOOK_SECTION;HTML;;;PUF_BERNA_2019_01;;;;PUF_BERNA_2019_01_0093;www.cairn.info;N;7860d1484963586c4f458affdc99dab7aac942b1;3.9.2;2023-09-25;1df4e1f;2023-07-26;70ae7649;2023-09-22;filter, parser, deduplicator, istex, crossref, sudoc, hal, enhancer, geolocalizer, cut, on-campus-counter, qualifier, anonymizer;;;;FR;45.748;4.85;174a74d4467c7e037c423cda68fabcd34b743760;;https://www.cairn.info:443/feuilleter.php?ID_ARTICLE=PUF_BERNA_2019_01_0093;200;49034
2023-09-16T09:03:13+02:00;2023-09-16;6a06d0ccdf6685310400fbece445bbad1a85b9e9;cairn;CAIRN;Cairn;BOOK_SECTION;HTML;;;PUF_BERNA_2019_01;;;;PUF_BERNA_2019_01_0119;www.cairn.info;N;0b26b04ea47f8ddce355c92f6363ace9614143ad;3.9.2;2023-09-25;1df4e1f;2023-07-26;70ae7649;2023-09-22;filter, parser, deduplicator, istex, crossref, sudoc, hal, enhancer, geolocalizer, cut, on-campus-counter, qualifier, anonymizer;;;;FR;45.748;4.85;174a74d4467c7e037c423cda68fabcd34b743760;;https://www.cairn.info:443/feuilleter.php?ID_ARTICLE=PUF_BERNA_2019_01_0119;200;48710
2023-09-16T09:03:35+02:00;2023-09-16;6a06d0ccdf6685310400fbece445bbad1a85b9e9;cairn;CAIRN;Cairn;BOOK_SECTION;HTML;;;PUF_BERNA_2019_01;;;;PUF_BERNA_2019_01_0122;www.cairn.info;N;8d9d591a4576d95ca5180d1f0d2bea8e23488dd6;3.9.2;2023-09-25;1df4e1f;2023-07-26;70ae7649;2023-09-22;filter, parser, deduplicator, istex, crossref, sudoc, hal, enhancer, geolocalizer, cut, on-campus-counter, qualifier, anonymizer;;;;FR;45.748;4.85;174a74d4467c7e037c423cda68fabcd34b743760;;https://www.cairn.info:443/feuilleter.php?ID_ARTICLE=PUF_BERNA_2019_01_0122;200;48604
2023-09-16T09:04:01+02:00;2023-09-16;6a06d0ccdf6685310400fbece445bbad1a85b9e9;cairn;CAIRN;Cairn;BOOK_SECTION;HTML;;;PUF_BERNA_2019_01;;;;PUF_BERNA_2019_01_0126;www.cairn.info;N;2935929ccc300105881c65f101a872da8784fffb;3.9.2;2023-09-25;1df4e1f;2023-07-26;70ae7649;2023-09-22;filter, parser, deduplicator, istex, crossref, sudoc, hal, enhancer, geolocalizer, cut, on-campus-counter, qualifier, anonymizer;;;;FR;45.748;4.85;174a74d4467c7e037c423cda68fabcd34b743760;;https://www.cairn.info:443/feuilleter.php?ID_ARTICLE=PUF_BERNA_2019_01_0126;200;48161
2023-09-16T09:06:08+02:00;2023-09-16;1a102f9ca92bcc66b2e41a312f75e2088a8d16d7;dalloz;Dalloz;Dalloz;;HTML;;;;;;;RECUEIL/JURIS/1995/0206;www.dalloz.fr;N;8590790a9fcd00f3c9a1792752c5454846305e22;3.9.2;2023-09-25;1df4e1f;2023-07-26;70ae7649;2023-09-22;filter, parser, deduplicator, istex, crossref, sudoc, hal, enhancer, geolocalizer, cut, on-campus-counter, qualifier, anonymizer;;;;FR;48.8543;2.3527;d2b0679c9f9c9a3911c15b39a69ea8138b18d499;;https://www.dalloz.fr:443/documentation/Document?ctxt=0_YSRzMT1FVMKnYSRzMz1FVMKnYSRzMj1FVMKndCRzMD05QkVBRDg0RMKnaCRoMz03QzgyRjU1RcKnaCRoNj0xOTk1wqdoJGg1PTUxM8KneCRzZj1wYWdlLXJlY2hlcmNoZQ%3D%3D&ctxtl=0_cyRwYWdlTnVtPTHCp3MkdHJpZGF0ZT1GYWxzZcKncyRzb3J0PSNkZWZhdWx0X0Rlc2PCp3Mkc2xOYlBhZz0yMMKncyRpc2Fibz1UcnVlwqdzJHBhZ2luZz1UcnVlwqdzJG9uZ2xldD3Cp3MkZnJlZXNjb3BlPUZhbHNlwqdzJHdvSVM9RmFsc2XCp3Mkd29TUENIPUZhbHNlwqdzJGZsb3dNb2RlPUZhbHNlwqdzJGJxPcKncyRzZWFyY2hMYWJlbD3Cp3Mkc2VhcmNoQ2xhc3M9&id=RECUEIL%2FJURIS%2F1995%2F0206;200;211169
2023-09-16T09:06:09+02:00;2023-09-16;1a102f9ca92bcc66b2e41a312f75e2088a8d16d7;dalloz;Dalloz;Dalloz;;HTML;;;;;;;RECUEIL/JURIS/1995/0206;www.dalloz.fr;N;757f5fda593fac84d8003abe70bf23c7012a7a73;3.9.2;2023-09-25;1df4e1f;2023-07-26;70ae7649;2023-09-22;filter, parser, deduplicator, istex, crossref, sudoc, hal, enhancer, geolocalizer, cut, on-campus-counter, qualifier, anonymizer;;;;FR;48.8543;2.3527;d2b0679c9f9c9a3911c15b39a69ea8138b18d499;;https://www.dalloz.fr:443/documentation/Document?ctxt=0_YSRzMT1FVMKnYSRzMz1FVMKnYSRzMj1FVMKndCRzMD05QkVBRDg0RMKnaCRoMz03QzgyRjU1RcKnaCRoNj0xOTk1wqdoJGg1PTUxM8KneCRzZj1wYWdlLXJlY2hlcmNoZQ%3D%3D&ctxtl=0_cyRwYWdlTnVtPTHCp3MkdHJpZGF0ZT1GYWxzZcKncyRzb3J0PSNkZWZhdWx0X0Rlc2PCp3Mkc2xOYlBhZz0yMMKncyRpc2Fibz1UcnVlwqdzJHBhZ2luZz1UcnVlwqdzJG9uZ2xldD3Cp3MkZnJlZXNjb3BlPUZhbHNlwqdzJHdvSVM9RmFsc2XCp3Mkd29TUENIPUZhbHNlwqdzJGZsb3dNb2RlPUZhbHNlwqdzJGJxPcKncyRzZWFyY2hMYWJlbD3Cp3Mkc2VhcmNoQ2xhc3M9&id=RECUEIL%2FJURIS%2F1995%2F0206;200;350819
2023-09-16T09:06:34+02:00;2023-09-16;1a102f9ca92bcc66b2e41a312f75e2088a8d16d7;dalloz;Dalloz;Dalloz;;HTML;;;;;;;RECUEIL/CONCL/1995/0206;www.dalloz.fr;N;1996846ba8183ecfb2ce93584fbabfb9251e64a8;3.9.2;2023-09-25;1df4e1f;2023-07-26;70ae7649;2023-09-22;filter, parser, deduplicator, istex, crossref, sudoc, hal, enhancer, geolocalizer, cut, on-campus-counter, qualifier, anonymizer;;;;FR;48.8543;2.3527;d2b0679c9f9c9a3911c15b39a69ea8138b18d499;;https://www.dalloz.fr:443/documentation/Document?ctxt=0_YSRzMT1FVMKnYSRzMz1FVMKnYSRzMj1FVMKndCRzMD05QkVBRDg0RMKnaCRoMz03QzgyRjU1RcKnaCRoNj0xOTk1wqdoJGg1PTUxM8KneCRzZj1wYWdlLXJlY2hlcmNoZQ%3D%3D&ctxtl=0_cyRwYWdlTnVtPTHCp3MkdHJpZGF0ZT1GYWxzZcKncyRzb3J0PSNkZWZhdWx0X0Rlc2PCp3Mkc2xOYlBhZz0yMMKncyRpc2Fibz1UcnVlwqdzJHBhZ2luZz1UcnVlwqdzJG9uZ2xldD3Cp3MkZnJlZXNjb3BlPUZhbHNlwqdzJHdvSVM9RmFsc2XCp3Mkd29TUENIPUZhbHNlwqdzJGZsb3dNb2RlPUZhbHNlwqdzJGJxPcKncyRzZWFyY2hMYWJlbD3Cp3Mkc2VhcmNoQ2xhc3M9&id=RECUEIL%2FCONCL%2F1995%2F0206;200;350156
2023-09-16T09:08:11+02:00;2023-09-16;eb2facf74080b5276962d5f84ad6d3a811f6cddf;dalloz;Dalloz;Dalloz;;HTML;;;;;;;CASS_LIEUVIDE_2015-03-10_1215505;www.dalloz.fr;N;97c15781380585c51fe5b5ab53b099c61d7e09d0;3.9.2;2023-09-25;1df4e1f;2023-07-26;70ae7649;2023-09-22;filter, parser, deduplicator, istex, crossref, sudoc, hal, enhancer, geolocalizer, cut, on-campus-counter, qualifier, anonymizer;;;;FR;42.7028;9.45;df4a1584e9ccc6cea02e43232960f2ee93221bfb;;https://www.dalloz.fr:443/documentation/Document?ctxt=0_YSR0MD0xMi0xNS41MDUgwqd4JHNmPXNpbXBsZS1zZWFyY2g%3D&ctxtl=0_cyRwYWdlTnVtPTHCp3MkdHJpZGF0ZT1GYWxzZcKncyRzb3J0PSNkZWZhdWx0X0Rlc2PCp3Mkc2xOYlBhZz0yMMKncyRpc2Fibz1UcnVlwqdzJHBhZ2luZz1UcnVlwqdzJG9uZ2xldD3Cp3MkZnJlZXNjb3BlPUZhbHNlwqdzJHdvSVM9RmFsc2XCp3Mkd29TUENIPUZhbHNlwqdzJGZsb3dNb2RlPUZhbHNlwqdzJGJxPcKncyRzZWFyY2hMYWJlbD3Cp3Mkc2VhcmNoQ2xhc3M9&id=CASS_LIEUVIDE_2015-03-10_1215505;200;271042
2023-09-16T09:09:52+02:00;2023-09-16;eb2facf74080b5276962d5f84ad6d3a811f6cddf;dalloz;Dalloz;Dalloz;;HTML;;;;;;;RECUEIL/JURIS/2020/1063;www.dalloz.fr;N;830543a3bcce10bb18289798667f5b6ddb27532d;3.9.2;2023-09-25;1df4e1f;2023-07-26;70ae7649;2023-09-22;filter, parser, deduplicator, istex, crossref, sudoc, hal, enhancer, geolocalizer, cut, on-campus-counter, qualifier, anonymizer;;;;FR;42.7028;9.45;df4a1584e9ccc6cea02e43232960f2ee93221bfb;;https://www.dalloz.fr:443/documentation/Document?ctxt=0_YSR0MD0xMi0xNS41MDUgwqd4JHNmPXNpbXBsZS1zZWFyY2g%3D&ctxtl=0_cyRwYWdlTnVtPTHCp3MkdHJpZGF0ZT1GYWxzZcKncyRzb3J0PSNkZWZhdWx0X0Rlc2PCp3Mkc2xOYlBhZz0yMMKncyRpc2Fibz1UcnVlwqdzJHBhZ2luZz1UcnVlwqdzJG9uZ2xldD3Cp3MkZnJlZXNjb3BlPUZhbHNlwqdzJHdvSVM9RmFsc2XCp3Mkd29TUENIPUZhbHNlwqdzJGZsb3dNb2RlPUZhbHNlwqdzJGJxPcKncyRzZWFyY2hMYWJlbD3Cp3Mkc2VhcmNoQ2xhc3M9wqdzJHo9MERCRkM4REIvNkIxMjFGQ0I%3D&id=RECUEIL%2FJURIS%2F2020%2F1063;200;319758
2023-09-16T09:11:11+02:00;2023-09-16;6289ecb0ef699f2bb072306ca3cdd5448ce32e4a;cairn;CAIRN;Cairn;TOC;HTML;9782715401082;;les-eleves-en-situation-de-handicap;;Les élèves en situation de handicap;;les-eleves-en-situation-de-handicap--9782715401082;www.cairn.info;N;5c23a195b2b0247efe77dd2952b7885935f7c218;3.9.2;2023-09-25;1df4e1f;2023-07-26;70ae7649;2023-09-22;filter, parser, deduplicator, istex, crossref, sudoc, hal, enhancer, geolocalizer, cut, on-campus-counter, qualifier, anonymizer;;;;FR;45.748;4.85;174a74d4467c7e037c423cda68fabcd34b743760;;https://www.cairn.info:443/les-eleves-en-situation-de-handicap--9782715401082.htm;200;113645
2023-09-16T09:11:59+02:00;2023-09-16;eb2facf74080b5276962d5f84ad6d3a811f6cddf;dalloz;Dalloz;Dalloz;;HTML;;;;;;;ACTU0171686;www.dalloz.fr;N;ed27265c885b3b8340f8d50dc4d5615344025fcb;3.9.2;2023-09-25;1df4e1f;2023-07-26;70ae7649;2023-09-22;filter, parser, deduplicator, istex, crossref, sudoc, hal, enhancer, geolocalizer, cut, on-campus-counter, qualifier, anonymizer;;;;FR;42.7028;9.45;df4a1584e9ccc6cea02e43232960f2ee93221bfb;;https://www.dalloz.fr:443/documentation/Document?ctxt=0_YSR0MD0xMi0xNS41MDUgwqd4JHNmPXNpbXBsZS1zZWFyY2g%3D&ctxtl=0_cyRwYWdlTnVtPTHCp3MkdHJpZGF0ZT1GYWxzZcKncyRzb3J0PSNkZWZhdWx0X0Rlc2PCp3Mkc2xOYlBhZz0yMMKncyRpc2Fibz1UcnVlwqdzJHBhZ2luZz1UcnVlwqdzJG9uZ2xldD3Cp3MkZnJlZXNjb3BlPUZhbHNlwqdzJHdvSVM9RmFsc2XCp3Mkd29TUENIPUZhbHNlwqdzJGZsb3dNb2RlPUZhbHNlwqdzJGJxPcKncyRzZWFyY2hMYWJlbD3Cp3Mkc2VhcmNoQ2xhc3M9wqdzJHo9MERCRkM4REIvNkIxMjFGQ0I%3D&id=ACTU0171686;200;294853
2023-09-16T09:12:30+02:00;2023-09-16;6289ecb0ef699f2bb072306ca3cdd5448ce32e4a;cairn;CAIRN;Cairn;TOC;HTML;9782715401082;;les-eleves-en-situation-de-handicap;;Les élèves en situation de handicap;;les-eleves-en-situation-de-handicap--9782715401082;www.cairn.info;N;707d212a30228eab853735fbf5bf767470014d3b;3.9.2;2023-09-25;1df4e1f;2023-07-26;70ae7649;2023-09-22;filter, parser, deduplicator, istex, crossref, sudoc, hal, enhancer, geolocalizer, cut, on-campus-counter, qualifier, anonymizer;;;;FR;45.748;4.85;174a74d4467c7e037c423cda68fabcd34b743760;;https://www.cairn.info:443/les-eleves-en-situation-de-handicap--9782715401082.htm;200;113357
2023-09-16T09:14:04+02:00;2023-09-16;eb2facf74080b5276962d5f84ad6d3a811f6cddf;dalloz;Dalloz;Dalloz;;HTML;;;;;;;ACTU0171686;www.dalloz.fr;N;4a0791b9ea3a3ba274be3a4512413adf56144e9e;3.9.2;2023-09-25;1df4e1f;2023-07-26;70ae7649;2023-09-22;filter, parser, deduplicator, istex, crossref, sudoc, hal, enhancer, geolocalizer, cut, on-campus-counter, qualifier, anonymizer;;;;FR;42.7028;9.45;df4a1584e9ccc6cea02e43232960f2ee93221bfb;;https://www.dalloz.fr:443/documentation/Document?ctxt=0_YSR0MD0xMi0xNS41MDUgwqd4JHNmPXNpbXBsZS1zZWFyY2g%3D&ctxtl=0_cyRwYWdlTnVtPTHCp3MkdHJpZGF0ZT1GYWxzZcKncyRzb3J0PSNkZWZhdWx0X0Rlc2PCp3Mkc2xOYlBhZz0yMMKncyRpc2Fibz1UcnVlwqdzJHBhZ2luZz1UcnVlwqdzJG9uZ2xldD3Cp3MkZnJlZXNjb3BlPUZhbHNlwqdzJHdvSVM9RmFsc2XCp3Mkd29TUENIPUZhbHNlwqdzJGZsb3dNb2RlPUZhbHNlwqdzJGJxPcKncyRzZWFyY2hMYWJlbD3Cp3Mkc2VhcmNoQ2xhc3M9wqdzJHo9MERCRkM4REIvNkIxMjFGQ0I%3D&id=ACTU0171686;200;261918
2023-09-16T09:15:10+02:00;2023-09-16;eb2facf74080b5276962d5f84ad6d3a811f6cddf;dalloz;Dalloz;Dalloz;;HTML;;;;;;;REVSOC/CHRON/2015/0268;www.dalloz.fr;N;731d42f0b52f6ff91d37feb71671b3d8682bcf97;3.9.2;2023-09-25;1df4e1f;2023-07-26;70ae7649;2023-09-22;filter, parser, deduplicator, istex, crossref, sudoc, hal, enhancer, geolocalizer, cut, on-campus-counter, qualifier, anonymizer;;;;FR;42.7028;9.45;df4a1584e9ccc6cea02e43232960f2ee93221bfb;;https://www.dalloz.fr:443/documentation/Document?ctxt=0_YSR0MD0xMi0xNS41MDUgwqd4JHNmPXNpbXBsZS1zZWFyY2g%3D&ctxtl=0_cyRwYWdlTnVtPTHCp3MkdHJpZGF0ZT1GYWxzZcKncyRzb3J0PSNkZWZhdWx0X0Rlc2PCp3Mkc2xOYlBhZz0yMMKncyRpc2Fibz1UcnVlwqdzJHBhZ2luZz1UcnVlwqdzJG9uZ2xldD3Cp3MkZnJlZXNjb3BlPUZhbHNlwqdzJHdvSVM9RmFsc2XCp3Mkd29TUENIPUZhbHNlwqdzJGZsb3dNb2RlPUZhbHNlwqdzJGJxPcKncyRzZWFyY2hMYWJlbD3Cp3Mkc2VhcmNoQ2xhc3M9wqdzJHo9MERCRkM4REIvNkIxMjFGQ0I%3D&id=REVSOC%2FCHRON%2F2015%2F0268;200;272211
2023-09-16T09:17:18+02:00;2023-09-16;eb2facf74080b5276962d5f84ad6d3a811f6cddf;dalloz;Dalloz;Dalloz;;HTML;;;;;;;REVSOC/CHRON/2008/5035;www.dalloz.fr;N;4d71dad43796cd7f94ce960863b5099b4e380fa2;3.9.2;2023-09-25;1df4e1f;2023-07-26;70ae7649;2023-09-22;filter, parser, deduplicator, istex, crossref, sudoc, hal, enhancer, geolocalizer, cut, on-campus-counter, qualifier, anonymizer;;;;FR;42.7028;9.45;df4a1584e9ccc6cea02e43232960f2ee93221bfb;;https://www.dalloz.fr:443/documentation/Document?ctxt=0_YSR0MD1MYSBjbGFzc2lmaWNhdGlvbiBqdXJpZGlxdWUgZGVzIGFwcG9ydHMgZW4gbmF0dXJlIMKneCRzZj1zaW1wbGUtc2VhcmNo&ctxtl=0_cyRwYWdlTnVtPTHCp3MkdHJpZGF0ZT1GYWxzZcKncyRzb3J0PSNkZWZhdWx0X0Rlc2PCp3Mkc2xOYlBhZz0yMMKncyRpc2Fibz1UcnVlwqdzJHBhZ2luZz1UcnVlwqdzJG9uZ2xldD3Cp3MkZnJlZXNjb3BlPUZhbHNlwqdzJHdvSVM9RmFsc2XCp3Mkd29TUENIPUZhbHNlwqdzJGZsb3dNb2RlPUZhbHNlwqdzJGJxPcKncyRzZWFyY2hMYWJlbD3Cp3Mkc2VhcmNoQ2xhc3M9&id=REVSOC%2FCHRON%2F2008%2F5035;200;267448
2023-09-16T09:18:15+02:00;2023-09-16;eb2facf74080b5276962d5f84ad6d3a811f6cddf;dalloz;Dalloz;Dalloz;;HTML;;;;;;;REVSOC/CHRON/2002/0049;www.dalloz.fr;N;15c12a827573366c3f448367e084dda3352563b3;3.9.2;2023-09-25;1df4e1f;2023-07-26;70ae7649;2023-09-22;filter, parser, deduplicator, istex, crossref, sudoc, hal, enhancer, geolocalizer, cut, on-campus-counter, qualifier, anonymizer;;;;FR;42.7028;9.45;df4a1584e9ccc6cea02e43232960f2ee93221bfb;;https://www.dalloz.fr:443/documentation/Document?ctxt=0_YSR0MD1MYSBjb250cmlidXRpb24gYXV4IHBlcnRlcyBzb2NpYWxlcyDCp3gkc2Y9c2ltcGxlLXNlYXJjaA%3D%3D&ctxtl=0_cyRwYWdlTnVtPTHCp3MkdHJpZGF0ZT1GYWxzZcKncyRzb3J0PSNkZWZhdWx0X0Rlc2PCp3Mkc2xOYlBhZz0yMMKncyRpc2Fibz1UcnVlwqdzJHBhZ2luZz1UcnVlwqdzJG9uZ2xldD3Cp3MkZnJlZXNjb3BlPUZhbHNlwqdzJHdvSVM9RmFsc2XCp3Mkd29TUENIPUZhbHNlwqdzJGZsb3dNb2RlPUZhbHNlwqdzJGJxPcKncyRzZWFyY2hMYWJlbD3Cp3Mkc2VhcmNoQ2xhc3M9&id=REVSOC%2FCHRON%2F2002%2F0049;200;261569
2023-09-16T09:18:17+02:00;2023-09-16;6289ecb0ef699f2bb072306ca3cdd5448ce32e4a;cairn;CAIRN;Cairn;ARTICLE;HTML;0556-7807;2105-2913;revue-francaise-de-pedagogie;;Revue française de pédagogie;2016;revue-francaise-de-pedagogie-2016-4-page-51;www.cairn.info;N;fa9e4e24dadd48f425f659b624d495950862740c;3.9.2;2023-09-25;1df4e1f;2023-07-26;70ae7649;2023-09-22;filter, parser, deduplicator, istex, crossref, sudoc, hal, enhancer, geolocalizer, cut, on-campus-counter, qualifier, anonymizer;;;;FR;45.748;4.85;174a74d4467c7e037c423cda68fabcd34b743760;;https://www.cairn.info:443/revue-francaise-de-pedagogie-2016-4-page-51.htm;200;96683
2023-09-16T09:18:27+02:00;2023-09-16;6289ecb0ef699f2bb072306ca3cdd5448ce32e4a;oej;OpenEdition Journals;OpenEdition;ARTICLE;HTML;0556-7807;2105-2913;rfp;10.4000/rfp.5152;Revue française de pédagogie;2016;rfp/5152;journals.openedition.org;N;401fcd43aee2647ec3d4d3b7ebcddb6d452be7e5;3.9.2;2023-09-25;1df4e1f;2023-07-26;70ae7649;2023-09-22;filter, parser, deduplicator, istex, crossref, sudoc, hal, enhancer, geolocalizer, cut, on-campus-counter, qualifier, anonymizer;Penser l’avenir de manière créative : un enjeu central de l’éducation en vue du développement durable;journal-article;Arts and Humanities (miscellaneous), Education;FR;45.748;4.85;174a74d4467c7e037c423cda68fabcd34b743760;;https://journals.openedition.org:443/rfp/5152;200;187524
2023-09-16T09:18:58+02:00;2023-09-16;eb2facf74080b5276962d5f84ad6d3a811f6cddf;dalloz;Dalloz;Dalloz;;HTML;;;;;;;RECUEIL/NOTE/2004/0370;www.dalloz.fr;N;815cac1fea16f6523d70a1fb5d54e4ca763dd9a1;3.9.2;2023-09-25;1df4e1f;2023-07-26;70ae7649;2023-09-22;filter, parser, deduplicator, istex, crossref, sudoc, hal, enhancer, geolocalizer, cut, on-campus-counter, qualifier, anonymizer;;;;FR;42.7028;9.45;df4a1584e9ccc6cea02e43232960f2ee93221bfb;;https://www.dalloz.fr:443/documentation/Document?ctxt=0_YSR0MD1M4oCZb2JqZWN0aXZhdGlvbiBkZSBs4oCZYWZmZWN0aW8gc29jaWV0YXRpcyDCp3gkc2Y9c2ltcGxlLXNlYXJjaA%3D%3D&ctxtl=0_cyRwYWdlTnVtPTHCp3MkdHJpZGF0ZT1GYWxzZcKncyRzb3J0PSNkZWZhdWx0X0Rlc2PCp3Mkc2xOYlBhZz0yMMKncyRpc2Fibz1UcnVlwqdzJHBhZ2luZz1UcnVlwqdzJG9uZ2xldD3Cp3MkZnJlZXNjb3BlPUZhbHNlwqdzJHdvSVM9RmFsc2XCp3Mkd29TUENIPUZhbHNlwqdzJGZsb3dNb2RlPUZhbHNlwqdzJGJxPcKncyRzZWFyY2hMYWJlbD3Cp3Mkc2VhcmNoQ2xhc3M9&id=RECUEIL%2FNOTE%2F2004%2F0370;200;308161
2023-09-16T09:19:08+02:00;2023-09-16;6289ecb0ef699f2bb072306ca3cdd5448ce32e4a;oej;OpenEdition Journals;OpenEdition;ARTICLE;PDF;0556-7807;2105-2913;rfp;10.4000/rfp.5152;Revue française de pédagogie;2016;rfp/5152;journals.openedition.org;N;b5dc443cd52cc0227fd8d830271105d44e0919f4;3.9.2;2023-09-25;1df4e1f;2023-07-26;70ae7649;2023-09-22;filter, parser, deduplicator, istex, crossref, sudoc, hal, enhancer, geolocalizer, cut, on-campus-counter, qualifier, anonymizer;Penser l’avenir de manière créative : un enjeu central de l’éducation en vue du développement durable;journal-article;Arts and Humanities (miscellaneous), Education;FR;45.748;4.85;174a74d4467c7e037c423cda68fabcd34b743760;;https://journals.openedition.org:443/rfp/pdf/5152;200;495199
2023-09-16T09:19:33+02:00;2023-09-16;eb2facf74080b5276962d5f84ad6d3a811f6cddf;dalloz;Dalloz;Dalloz;;HTML;;;;;;;REVSOC/CHRON/2000/0057;www.dalloz.fr;N;77634736d4ac677e52adbc87a5befb6247ee2515;3.9.2;2023-09-25;1df4e1f;2023-07-26;70ae7649;2023-09-22;filter, parser, deduplicator, istex, crossref, sudoc, hal, enhancer, geolocalizer, cut, on-campus-counter, qualifier, anonymizer;;;;FR;42.7028;9.45;df4a1584e9ccc6cea02e43232960f2ee93221bfb;;https://www.dalloz.fr:443/documentation/Document?ctxt=0_YSR0MD1SZW1hcnF1ZXMgc3VyIHVuZSBub3Rpb24gY29uY2VwdHVlbGxlIG91IGZvbmN0aW9ubmVsbGUgOiBs4oCZYWZmZWN0aW8gc29jaWV0YXRpcyDCp3gkc2Y9c2ltcGxlLXNlYXJjaA%3D%3D&ctxtl=0_cyRwYWdlTnVtPTHCp3MkdHJpZGF0ZT1GYWxzZcKncyRzb3J0PSNkZWZhdWx0X0Rlc2PCp3Mkc2xOYlBhZz0yMMKncyRpc2Fibz1UcnVlwqdzJHBhZ2luZz1UcnVlwqdzJG9uZ2xldD3Cp3MkZnJlZXNjb3BlPUZhbHNlwqdzJHdvSVM9RmFsc2XCp3Mkd29TUENIPUZhbHNlwqdzJGZsb3dNb2RlPUZhbHNlwqdzJGJxPcKncyRzZWFyY2hMYWJlbD3Cp3Mkc2VhcmNoQ2xhc3M9&id=REVSOC%2FCHRON%2F2000%2F0057;200;262675
2023-09-16T09:20:03+02:00;2023-09-16;eb2facf74080b5276962d5f84ad6d3a811f6cddf;dalloz;Dalloz;Dalloz;;HTML;;;;;;;REVSOC/CHRON/2016/0370;www.dalloz.fr;N;42f967cff50f02fe52c7ab26522b3d2bfc1657ea;3.9.2;2023-09-25;1df4e1f;2023-07-26;70ae7649;2023-09-22;filter, parser, deduplicator, istex, crossref, sudoc, hal, enhancer, geolocalizer, cut, on-campus-counter, qualifier, anonymizer;;;;FR;42.7028;9.45;df4a1584e9ccc6cea02e43232960f2ee93221bfb;;https://www.dalloz.fr:443/documentation/Document?ctxt=0_YSR0MD1MZSByYXlvbm5lbWVudCBkZSBs4oCZYWZmZWN0aW8gc29jaWV0YXRpcyDCp3gkc2Y9c2ltcGxlLXNlYXJjaA%3D%3D&ctxtl=0_cyRwYWdlTnVtPTHCp3MkdHJpZGF0ZT1GYWxzZcKncyRzb3J0PSNkZWZhdWx0X0Rlc2PCp3Mkc2xOYlBhZz0yMMKncyRpc2Fibz1UcnVlwqdzJHBhZ2luZz1UcnVlwqdzJG9uZ2xldD3Cp3MkZnJlZXNjb3BlPUZhbHNlwqdzJHdvSVM9RmFsc2XCp3Mkd29TUENIPUZhbHNlwqdzJGZsb3dNb2RlPUZhbHNlwqdzJGJxPcKncyRzZWFyY2hMYWJlbD3Cp3Mkc2VhcmNoQ2xhc3M9&id=REVSOC%2FCHRON%2F2016%2F0370;200;268619
2023-09-16T09:21:17+02:00;2023-09-16;eb2facf74080b5276962d5f84ad6d3a811f6cddf;dalloz;Dalloz;Dalloz;;HTML;;;;;;;ACTU0154416;www.dalloz.fr;N;cf6ed9f88101d3a520a4b081449ded1443fe7996;3.9.2;2023-09-25;1df4e1f;2023-07-26;70ae7649;2023-09-22;filter, parser, deduplicator, istex, crossref, sudoc, hal, enhancer, geolocalizer, cut, on-campus-counter, qualifier, anonymizer;;;;FR;42.7028;9.45;df4a1584e9ccc6cea02e43232960f2ee93221bfb;;https://www.dalloz.fr:443/documentation/Document?ctxt=0_YSR0MD1SZWdhcmQgc3VyIGzigJlpbnTDqXLDqnQgc29jaWFsIMKneCRzZj1zaW1wbGUtc2VhcmNo&ctxtl=0_cyRwYWdlTnVtPTHCp3MkdHJpZGF0ZT1GYWxzZcKncyRzb3J0PSNkZWZhdWx0X0Rlc2PCp3Mkc2xOYlBhZz0yMMKncyRpc2Fibz1UcnVlwqdzJHBhZ2luZz1UcnVlwqdzJG9uZ2xldD3Cp3MkZnJlZXNjb3BlPUZhbHNlwqdzJHdvSVM9RmFsc2XCp3Mkd29TUENIPUZhbHNlwqdzJGZsb3dNb2RlPUZhbHNlwqdzJGJxPcKncyRzZWFyY2hMYWJlbD3Cp3Mkc2VhcmNoQ2xhc3M9&id=ACTU0154416;200;261076
2023-09-16T09:21:35+02:00;2023-09-16;eb2facf74080b5276962d5f84ad6d3a811f6cddf;dalloz;Dalloz;Dalloz;;HTML;;;;;;;REVSOC/CHRON/2012/0031;www.dalloz.fr;N;2dc37c4ac95fc9d876b38801cbfa553927d9d716;3.9.2;2023-09-25;1df4e1f;2023-07-26;70ae7649;2023-09-22;filter, parser, deduplicator, istex, crossref, sudoc, hal, enhancer, geolocalizer, cut, on-campus-counter, qualifier, anonymizer;;;;FR;42.7028;9.45;df4a1584e9ccc6cea02e43232960f2ee93221bfb;;https://www.dalloz.fr:443/documentation/Document?ctxt=0_YSR0MD1SZWdhcmQgc3VyIGzigJlpbnTDqXLDqnQgc29jaWFsIMKneCRzZj1zaW1wbGUtc2VhcmNo&ctxtl=0_cyRwYWdlTnVtPTHCp3MkdHJpZGF0ZT1GYWxzZcKncyRzb3J0PSNkZWZhdWx0X0Rlc2PCp3Mkc2xOYlBhZz0yMMKncyRpc2Fibz1UcnVlwqdzJHBhZ2luZz1UcnVlwqdzJG9uZ2xldD3Cp3MkZnJlZXNjb3BlPUZhbHNlwqdzJHdvSVM9RmFsc2XCp3Mkd29TUENIPUZhbHNlwqdzJGZsb3dNb2RlPUZhbHNlwqdzJGJxPcKncyRzZWFyY2hMYWJlbD3Cp3Mkc2VhcmNoQ2xhc3M9&id=REVSOC%2FCHRON%2F2012%2F0031;200;268869
2023-09-16T09:22:30+02:00;2023-09-16;eb2facf74080b5276962d5f84ad6d3a811f6cddf;dalloz;Dalloz;Dalloz;;HTML;;;;;;;RECUEIL/CHRON/2018/3478;www.dalloz.fr;N;51b7fd7ae9778a196f285e34a1bbbcb473f1e45a;3.9.2;2023-09-25;1df4e1f;2023-07-26;70ae7649;2023-09-22;filter, parser, deduplicator, istex, crossref, sudoc, hal, enhancer, geolocalizer, cut, on-campus-counter, qualifier, anonymizer;;;;FR;42.7028;9.45;df4a1584e9ccc6cea02e43232960f2ee93221bfb;;https://www.dalloz.fr:443/documentation/Document?ctxt=0_YSR0MD1SZWdhcmQgc3VyIGzigJlpbnTDqXLDqnQgc29jaWFsIMKneCRzZj1zaW1wbGUtc2VhcmNo&ctxtl=0_cyRwYWdlTnVtPTHCp3MkdHJpZGF0ZT1GYWxzZcKncyRzb3J0PSNkZWZhdWx0X0Rlc2PCp3Mkc2xOYlBhZz0yMMKncyRpc2Fibz1UcnVlwqdzJHBhZ2luZz1UcnVlwqdzJG9uZ2xldD3Cp3MkZnJlZXNjb3BlPUZhbHNlwqdzJHdvSVM9RmFsc2XCp3Mkd29TUENIPUZhbHNlwqdzJGZsb3dNb2RlPUZhbHNlwqdzJGJxPcKncyRzZWFyY2hMYWJlbD3Cp3Mkc2VhcmNoQ2xhc3M9&id=RECUEIL%2FCHRON%2F2018%2F3478;200;293442
2023-09-16T09:25:16+02:00;2023-09-16;eb2facf74080b5276962d5f84ad6d3a811f6cddf;dalloz;Dalloz;Dalloz;;HTML;;;;;;;REVSOC/CHRON/2023/0107;www.dalloz.fr;N;65e6fcb534c55940bc746bfef371b925e07ac051;3.9.2;2023-09-25;1df4e1f;2023-07-26;70ae7649;2023-09-22;filter, parser, deduplicator, istex, crossref, sudoc, hal, enhancer, geolocalizer, cut, on-campus-counter, qualifier, anonymizer;;;;FR;42.7028;9.45;df4a1584e9ccc6cea02e43232960f2ee93221bfb;;https://www.dalloz.fr:443/documentation/Document?ctxt=0_YSR0MD0yMS0yMi4xNzTCp3gkc2Y9c2ltcGxlLXNlYXJjaA%3D%3D&ctxtl=0_cyRwYWdlTnVtPTHCp3MkdHJpZGF0ZT1GYWxzZcKncyRzb3J0PSNkZWZhdWx0X0Rlc2PCp3Mkc2xOYlBhZz0yMMKncyRpc2Fibz1UcnVlwqdzJHBhZ2luZz1UcnVlwqdzJG9uZ2xldD3Cp3MkZnJlZXNjb3BlPUZhbHNlwqdzJHdvSVM9RmFsc2XCp3Mkd29TUENIPUZhbHNlwqdzJGZsb3dNb2RlPUZhbHNlwqdzJGJxPcKncyRzZWFyY2hMYWJlbD3Cp3Mkc2VhcmNoQ2xhc3M9wqdzJHo9MERCRkM4REIvNkIxMjFGQ0I%3D&id=REVSOC%2FCHRON%2F2023%2F0107;200;262234
2023-09-16T09:27:11+02:00;2023-09-16;6289ecb0ef699f2bb072306ca3cdd5448ce32e4a;cairn;CAIRN;Cairn;TOC;HTML;9782130812289;9782130732174;les-100-mots-de-l-education;;Les 100 mots de l'éducation;;les-100-mots-de-l-education--9782130812289;www.cairn.info;N;d84a27c7ca06d5177d507290b518d55315775a9d;3.9.2;2023-09-25;1df4e1f;2023-07-26;70ae7649;2023-09-22;filter, parser, deduplicator, istex, crossref, sudoc, hal, enhancer, geolocalizer, cut, on-campus-counter, qualifier, anonymizer;;;;FR;45.748;4.85;174a74d4467c7e037c423cda68fabcd34b743760;;https://www.cairn.info:443/les-100-mots-de-l-education--9782130812289.htm;200;104155
2023-09-16T09:27:52+02:00;2023-09-16;eb2facf74080b5276962d5f84ad6d3a811f6cddf;lextenso;Lextenso;Lextenso éditions;ARTICLE;HTML;0999-2170;;PA;;Petites Affiches;;PA200213201;www.labase-lextenso.fr;N;c3d60689d8f2dab4f96e257d218c2c6c050a5b67;3.9.2;2023-09-25;1df4e1f;2023-07-26;70ae7649;2023-09-22;filter, parser, deduplicator, istex, crossref, sudoc, hal, enhancer, geolocalizer, cut, on-campus-counter, qualifier, anonymizer;;;;FR;42.7028;9.45;df4a1584e9ccc6cea02e43232960f2ee93221bfb;;https://www.labase-lextenso.fr:443/petites-affiches/PA200213201?em=Repenser%20les%20apports%20en%20industrie%20;200;181442
2023-09-16T09:28:16+02:00;2023-09-16;eb2facf74080b5276962d5f84ad6d3a811f6cddf;lextenso;Lextenso;Lextenso éditions;ARTICLE;HTML;1285-0888;;JBS;;Bulletin Joly Sociétés;;JBS2004243;www.labase-lextenso.fr;N;818da00b06b4bd7f5f2ecb190e67b8a7fff18b09;3.9.2;2023-09-25;1df4e1f;2023-07-26;70ae7649;2023-09-22;filter, parser, deduplicator, istex, crossref, sudoc, hal, enhancer, geolocalizer, cut, on-campus-counter, qualifier, anonymizer;;;;FR;42.7028;9.45;df4a1584e9ccc6cea02e43232960f2ee93221bfb;;https://www.labase-lextenso.fr:443/bulletin-joly-societes/JBS-2004-243?em=L%E2%80%99apporteur%20en%20savoir-faire%20%3A%20du%20bien-aim%C3%A9%20au%20mal%20aim%C3%A9%20%3F%20;200;202781
2023-09-16T09:29:20+02:00;2023-09-16;6289ecb0ef699f2bb072306ca3cdd5448ce32e4a;cairn;CAIRN;Cairn;BOOK_SECTION;HTML;9782130812289;9782130732174;les-100-mots-de-l-education;;Les 100 mots de l'éducation;;les-100-mots-de-l-education--9782130812289-page-3;www.cairn.info;N;a4c06521d846fd8009e15a39540038fed07a254e;3.9.2;2023-09-25;1df4e1f;2023-07-26;70ae7649;2023-09-22;filter, parser, deduplicator, istex, crossref, sudoc, hal, enhancer, geolocalizer, cut, on-campus-counter, qualifier, anonymizer;;;;FR;45.748;4.85;174a74d4467c7e037c423cda68fabcd34b743760;;https://www.cairn.info:443/les-100-mots-de-l-education--9782130812289-page-3.htm;200;94528
2023-09-16T09:29:20+02:00;2023-09-16;6289ecb0ef699f2bb072306ca3cdd5448ce32e4a;cairn;CAIRN;Cairn;BOOK_SECTION;HTML;9782130812289;9782130732174;les-100-mots-de-l-education;;Les 100 mots de l'éducation;;les-100-mots-de-l-education--9782130812289-page-58;www.cairn.info;N;39735098195b500ef77b6b7db02037acecd6a2ed;3.9.2;2023-09-25;1df4e1f;2023-07-26;70ae7649;2023-09-22;filter, parser, deduplicator, istex, crossref, sudoc, hal, enhancer, geolocalizer, cut, on-campus-counter, qualifier, anonymizer;;;;FR;45.748;4.85;174a74d4467c7e037c423cda68fabcd34b743760;;https://www.cairn.info:443/les-100-mots-de-l-education--9782130812289-page-58.htm;200;165708
2023-09-16T09:29:20+02:00;2023-09-16;6289ecb0ef699f2bb072306ca3cdd5448ce32e4a;cairn;CAIRN;Cairn;BOOK_SECTION;HTML;9782130812289;9782130732174;les-100-mots-de-l-education;;Les 100 mots de l'éducation;;les-100-mots-de-l-education--9782130812289-page-37;www.cairn.info;N;b511b731ee3f618b23a7388b91873bd647026424;3.9.2;2023-09-25;1df4e1f;2023-07-26;70ae7649;2023-09-22;filter, parser, deduplicator, istex, crossref, sudoc, hal, enhancer, geolocalizer, cut, on-campus-counter, qualifier, anonymizer;;;;FR;45.748;4.85;174a74d4467c7e037c423cda68fabcd34b743760;;https://www.cairn.info:443/les-100-mots-de-l-education--9782130812289-page-37.htm;200;153697
2023-09-16T09:29:20+02:00;2023-09-16;6289ecb0ef699f2bb072306ca3cdd5448ce32e4a;cairn;CAIRN;Cairn;BOOK_SECTION;HTML;9782130812289;9782130732174;les-100-mots-de-l-education;;Les 100 mots de l'éducation;;les-100-mots-de-l-education--9782130812289-page-9;www.cairn.info;N;f37fcb03b62682e93480e7c758e66166c660624b;3.9.2;2023-09-25;1df4e1f;2023-07-26;70ae7649;2023-09-22;filter, parser, deduplicator, istex, crossref, sudoc, hal, enhancer, geolocalizer, cut, on-campus-counter, qualifier, anonymizer;;;;FR;45.748;4.85;174a74d4467c7e037c423cda68fabcd34b743760;;https://www.cairn.info:443/les-100-mots-de-l-education--9782130812289-page-9.htm;200;172258
2023-09-16T09:29:20+02:00;2023-09-16;6289ecb0ef699f2bb072306ca3cdd5448ce32e4a;cairn;CAIRN;Cairn;BOOK_SECTION;HTML;9782130812289;9782130732174;les-100-mots-de-l-education;;Les 100 mots de l'éducation;;les-100-mots-de-l-education--9782130812289-page-84;www.cairn.info;N;56d0c892ac680b339972fdd06c5375f94ba1c68d;3.9.2;2023-09-25;1df4e1f;2023-07-26;70ae7649;2023-09-22;filter, parser, deduplicator, istex, crossref, sudoc, hal, enhancer, geolocalizer, cut, on-campus-counter, qualifier, anonymizer;;;;FR;45.748;4.85;174a74d4467c7e037c423cda68fabcd34b743760;;https://www.cairn.info:443/les-100-mots-de-l-education--9782130812289-page-84.htm;200;148287
2023-09-16T09:29:20+02:00;2023-09-16;6289ecb0ef699f2bb072306ca3cdd5448ce32e4a;cairn;CAIRN;Cairn;BOOK_SECTION;HTML;9782130812289;9782130732174;les-100-mots-de-l-education;;Les 100 mots de l'éducation;;les-100-mots-de-l-education--9782130812289-page-104;www.cairn.info;N;8d4867ef71bb3188fae7c606742d684c96ff0aae;3.9.2;2023-09-25;1df4e1f;2023-07-26;70ae7649;2023-09-22;filter, parser, deduplicator, istex, crossref, sudoc, hal, enhancer, geolocalizer, cut, on-campus-counter, qualifier, anonymizer;;;;FR;45.748;4.85;174a74d4467c7e037c423cda68fabcd34b743760;;https://www.cairn.info:443/les-100-mots-de-l-education--9782130812289-page-104.htm;200;145360
2023-09-16T09:39:16+02:00;2023-09-16;eb2facf74080b5276962d5f84ad6d3a811f6cddf;lextenso;Lextenso;Lextenso éditions;ARTICLE;HTML;1285-0888;;BJS;;Bulletin Joly Sociétés;;BJS201q5;www.labase-lextenso.fr;N;abedb52a3488ddf4ceccdf983919bd0259da31cf;3.9.2;2023-09-25;1df4e1f;2023-07-26;70ae7649;2023-09-22;filter, parser, deduplicator, istex, crossref, sudoc, hal, enhancer, geolocalizer, cut, on-campus-counter, qualifier, anonymizer;;;;FR;42.7028;9.45;df4a1584e9ccc6cea02e43232960f2ee93221bfb;;https://www.labase-lextenso.fr:443/bulletin-joly-societes/BJS201q5?em=La%20prohibition%20des%20clauses%20l%C3%A9onines%20vue%20par%20le%20Conseil%20d%E2%80%99%C3%89tat%20;200;134039
2023-09-16T09:40:13+02:00;2023-09-16;eb2facf74080b5276962d5f84ad6d3a811f6cddf;lextenso;Lextenso;Lextenso éditions;ARTICLE;HTML;1285-0888;;BJS;;Bulletin Joly Sociétés;;BJS115u8;www.labase-lextenso.fr;N;824ebc8485368dbdf1772dad0fa047f6ccc5f872;3.9.2;2023-09-25;1df4e1f;2023-07-26;70ae7649;2023-09-22;filter, parser, deduplicator, istex, crossref, sudoc, hal, enhancer, geolocalizer, cut, on-campus-counter, qualifier, anonymizer;;;;FR;42.7028;9.45;df4a1584e9ccc6cea02e43232960f2ee93221bfb;;https://www.labase-lextenso.fr:443/bulletin-joly-societes/BJS115u8?em=15-13.348;200;124337
2023-09-16T09:42:39+02:00;2023-09-16;eb2facf74080b5276962d5f84ad6d3a811f6cddf;lextenso;Lextenso;Lextenso éditions;ARTICLE;HTML;1285-0888;;JBS;;Bulletin Joly Sociétés;;JBS2005017;www.labase-lextenso.fr;N;f974987a7b62e98ec30af349355ae4843e6c346d;3.9.2;2023-09-25;1df4e1f;2023-07-26;70ae7649;2023-09-22;filter, parser, deduplicator, istex, crossref, sudoc, hal, enhancer, geolocalizer, cut, on-campus-counter, qualifier, anonymizer;;;;FR;42.7028;9.45;df4a1584e9ccc6cea02e43232960f2ee93221bfb;;https://www.labase-lextenso.fr:443/bulletin-joly-societes/JBS-2005-017?em=Com.%209%20juin%202004%20couret;200;105155
2023-09-16T09:43:21+02:00;2023-09-16;eb2facf74080b5276962d5f84ad6d3a811f6cddf;lextenso;Lextenso;Lextenso éditions;ARTICLE;HTML;1285-0888;;JBS;;Bulletin Joly Sociétés;;JBS2005017;www.labase-lextenso.fr;N;943e55b2710f4b3ce28db348f1ffcc429d36eb34;3.9.2;2023-09-25;1df4e1f;2023-07-26;70ae7649;2023-09-22;filter, parser, deduplicator, istex, crossref, sudoc, hal, enhancer, geolocalizer, cut, on-campus-counter, qualifier, anonymizer;;;;FR;42.7028;9.45;df4a1584e9ccc6cea02e43232960f2ee93221bfb;;https://www.labase-lextenso.fr:443/bulletin-joly-societes/JBS-2005-017?em=Com.%209%20juin%202004%20couret;200;45742
2023-09-16T09:43:54+02:00;2023-09-16;eb2facf74080b5276962d5f84ad6d3a811f6cddf;lextenso;Lextenso;Lextenso éditions;ARTICLE;HTML;1285-0888;;BJS;;Bulletin Joly Sociétés;;BJS200d7;www.labase-lextenso.fr;N;ac8e4a0d8966bc5214fbd09c0fd1f3e5b108c1d8;3.9.2;2023-09-25;1df4e1f;2023-07-26;70ae7649;2023-09-22;filter, parser, deduplicator, istex, crossref, sudoc, hal, enhancer, geolocalizer, cut, on-campus-counter, qualifier, anonymizer;;;;FR;42.7028;9.45;df4a1584e9ccc6cea02e43232960f2ee93221bfb;;https://www.labase-lextenso.fr:443/bulletin-joly-societes/BJS200d7?em=Promesse%20de%20soci%C3%A9t%C3%A9%20%3A%20l%E2%80%99affectio%20societatis%20toujours%20incontournable%20!%20;200;121033
2023-09-16T09:46:41+02:00;2023-09-16;eb2facf74080b5276962d5f84ad6d3a811f6cddf;lextenso;Lextenso;Lextenso éditions;ARTICLE;HTML;1763-5594;;RDC;;Revue des contrats;;RDC113a0;www.labase-lextenso.fr;N;29c8dc342da831d84e3d80badc72c22c17d1a8f3;3.9.2;2023-09-25;1df4e1f;2023-07-26;70ae7649;2023-09-22;filter, parser, deduplicator, istex, crossref, sudoc, hal, enhancer, geolocalizer, cut, on-campus-counter, qualifier, anonymizer;;;;FR;42.7028;9.45;df4a1584e9ccc6cea02e43232960f2ee93221bfb;;https://www.labase-lextenso.fr:443/revue-des-contrats/RDC113a0?em=L%E2%80%99affectio%20societatis%2C%20%C3%89tude%20historique%20sur%20l%E2%80%99%C3%A9l%C3%A9ment%20intentionnel%20du%20contrat%20de%20soci%C3%A9t%C3%A9;200;192425
2023-09-16T09:47:08+02:00;2023-09-16;eb2facf74080b5276962d5f84ad6d3a811f6cddf;lextenso;Lextenso;Lextenso éditions;ARTICLE;HTML;1285-0888;;BJS;;Bulletin Joly Sociétés;;BJS118j7;www.labase-lextenso.fr;N;9f6704fadec17e1450d374783da22745ef7f1427;3.9.2;2023-09-25;1df4e1f;2023-07-26;70ae7649;2023-09-22;filter, parser, deduplicator, istex, crossref, sudoc, hal, enhancer, geolocalizer, cut, on-campus-counter, qualifier, anonymizer;;;;FR;42.7028;9.45;df4a1584e9ccc6cea02e43232960f2ee93221bfb;;https://www.labase-lextenso.fr:443/bulletin-joly-societes/BJS118j7?em=La%20disparition%20de%20l%E2%80%99affectio%20societatis%20n%E2%80%99est%20pas%20%C3%A0%20elle%20seule%20une%20cause%20de%20dissolution;200;133020
2023-09-16T09:49:35+02:00;2023-09-16;eb2facf74080b5276962d5f84ad6d3a811f6cddf;dalloz;Dalloz;Dalloz;;HTML;;;;;;;RTDCOM/CHRON/2004/0002;www.dalloz.fr;N;f52d5d9c74589404f464e4e6225d81ffb44e7e57;3.9.2;2023-09-25;1df4e1f;2023-07-26;70ae7649;2023-09-22;filter, parser, deduplicator, istex, crossref, sudoc, hal, enhancer, geolocalizer, cut, on-campus-counter, qualifier, anonymizer;;;;FR;42.7028;9.45;df4a1584e9ccc6cea02e43232960f2ee93221bfb;;https://www.dalloz.fr:443/documentation/Document?ctxt=0_YSR0MD1MYSBkw6lmaW5pdGlvbiBkZSBs4oCZaW50w6lyw6p0IHNvY2lhbCDCp3gkc2Y9c2ltcGxlLXNlYXJjaA%3D%3D&ctxtl=0_cyRwYWdlTnVtPTHCp3MkdHJpZGF0ZT1GYWxzZcKncyRzb3J0PSNkZWZhdWx0X0Rlc2PCp3Mkc2xOYlBhZz0yMMKncyRpc2Fibz1UcnVlwqdzJHBhZ2luZz1UcnVlwqdzJG9uZ2xldD3Cp3MkZnJlZXNjb3BlPUZhbHNlwqdzJHdvSVM9RmFsc2XCp3Mkd29TUENIPUZhbHNlwqdzJGZsb3dNb2RlPUZhbHNlwqdzJGJxPcKncyRzZWFyY2hMYWJlbD3Cp3Mkc2VhcmNoQ2xhc3M9wqdzJHo9MERCRkM4REIvNkIxMjFGQ0I%3D&id=RTDCOM%2FCHRON%2F2004%2F0002;200;313072
2023-09-16T10:23:41+02:00;2023-09-16;7229913602ee425aab871d8eaeefde647fa01284;dalloz;Dalloz;Dalloz;;HTML;;;;;;;DZ/JURIS-CORPUS/ASSOCIATIONS-FONDATIONS/2015/PLAN-P09-E063-000010;www.dalloz.fr;N;a3ad714171cbe78c6f2ef94f641aa0dc64d19064;3.9.2;2023-09-25;1df4e1f;2023-07-26;70ae7649;2023-09-22;filter, parser, deduplicator, istex, crossref, sudoc, hal, enhancer, geolocalizer, cut, on-campus-counter, qualifier, anonymizer;;;;FR;48.8582;2.3387;1dcd23af314a22bc6cf402c1fea1eb70dc5cb817;;https://www.dalloz.fr:443/documentation/Document?ctxt=0_YSR0MD1wZXJzb25uZSBwaHlzaXF1ZcKneCRzZj1zaW1wbGUtc2VhcmNo&ctxtl=0_cyRwYWdlTnVtPTHCp3MkdHJpZGF0ZT1GYWxzZcKncyRzb3J0PSNkZWZhdWx0X0Rlc2PCp3Mkc2xOYlBhZz0yMMKncyRpc2Fibz1UcnVlwqdzJHBhZ2luZz1UcnVlwqdzJG9uZ2xldD3Cp3MkZnJlZXNjb3BlPUZhbHNlwqdzJHdvSVM9RmFsc2XCp3Mkd29TUENIPUZhbHNlwqdzJGZsb3dNb2RlPUZhbHNlwqdzJGJxPcKncyRzZWFyY2hMYWJlbD3Cp3Mkc2VhcmNoQ2xhc3M9&id=DZ%2FJURIS-CORPUS%2FASSOCIATIONS-FONDATIONS%2F2015%2FPLAN-P09-E063-000010;200;259376
2023-09-16T10:26:11+02:00;2023-09-16;4f4b3195bb20c8af2586928b323a7a34335938c6;europresse;Europresse;CEDROM-SNi;ARTICLE;PDF;;;;;;;pdf·20230916·NIC_P·1;nouveau.europresse.com;N;79eb47ff251611dbbb4c5b0f327cdddc3b8fa9a5;3.9.2;2023-09-25;1df4e1f;2023-07-26;70ae7649;2023-09-22;filter, parser, deduplicator, istex, crossref, sudoc, hal, enhancer, geolocalizer, cut, on-campus-counter, qualifier, anonymizer;;;;FR;43.766;5.3667;ae39016c34200901584cf493e299a0ae62fcdaeb;;https://nouveau.europresse.com:443/Pdf/ImageList?docName=pdf%C2%B720230916%C2%B7NIC_P%C2%B71;200;1242
2023-09-16T10:26:47+02:00;2023-09-16;4f4b3195bb20c8af2586928b323a7a34335938c6;europresse;Europresse;CEDROM-SNi;ARTICLE;PDF;;;;;;;pdf·20230916·NIC_P·2;nouveau.europresse.com;N;01ab918edd1b05d5745c9000147338b13f8678ef;3.9.2;2023-09-25;1df4e1f;2023-07-26;70ae7649;2023-09-22;filter, parser, deduplicator, istex, crossref, sudoc, hal, enhancer, geolocalizer, cut, on-campus-counter, qualifier, anonymizer;;;;FR;43.766;5.3667;ae39016c34200901584cf493e299a0ae62fcdaeb;;https://nouveau.europresse.com:443/Pdf/ImageList?docName=pdf%C2%B720230916%C2%B7NIC_P%C2%B72;200;1243
2023-09-16T10:27:09+02:00;2023-09-16;4f4b3195bb20c8af2586928b323a7a34335938c6;europresse;Europresse;CEDROM-SNi;ARTICLE;PDF;;;;;;;pdf·20230916·NIC_P·3;nouveau.europresse.com;N;58a8145fd5c0c631ff442364ed51bf30e3ffbf5a;3.9.2;2023-09-25;1df4e1f;2023-07-26;70ae7649;2023-09-22;filter, parser, deduplicator, istex, crossref, sudoc, hal, enhancer, geolocalizer, cut, on-campus-counter, qualifier, anonymizer;;;;FR;43.766;5.3667;ae39016c34200901584cf493e299a0ae62fcdaeb;;https://nouveau.europresse.com:443/Pdf/ImageList?docName=pdf%C2%B720230916%C2%B7NIC_P%C2%B73;200;1243
2023-09-16T10:27:38+02:00;2023-09-16;6289ecb0ef699f2bb072306ca3cdd5448ce32e4a;cairn;CAIRN;Cairn;TOC;HTML;9782715401082;;les-eleves-en-situation-de-handicap;;Les élèves en situation de handicap;;les-eleves-en-situation-de-handicap--9782715401082;www.cairn.info;N;eb99c9565dcac97d5aa303080511a89c69f4b2eb;3.9.2;2023-09-25;1df4e1f;2023-07-26;70ae7649;2023-09-22;filter, parser, deduplicator, istex, crossref, sudoc, hal, enhancer, geolocalizer, cut, on-campus-counter, qualifier, anonymizer;;;;FR;45.748;4.85;38a3bb8bbfdf95f1590b1646bebd1f458aabdfb9;;https://www.cairn.info:443/les-eleves-en-situation-de-handicap--9782715401082.htm;200;113703
2023-09-16T10:27:38+02:00;2023-09-16;4f4b3195bb20c8af2586928b323a7a34335938c6;europresse;Europresse;CEDROM-SNi;ARTICLE;PDF;;;;;;;pdf·20230916·NIC_P·4;nouveau.europresse.com;N;bff351757bd3519c19020e1bc994be5cabe14400;3.9.2;2023-09-25;1df4e1f;2023-07-26;70ae7649;2023-09-22;filter, parser, deduplicator, istex, crossref, sudoc, hal, enhancer, geolocalizer, cut, on-campus-counter, qualifier, anonymizer;;;;FR;43.766;5.3667;ae39016c34200901584cf493e299a0ae62fcdaeb;;https://nouveau.europresse.com:443/Pdf/ImageList?docName=pdf%C2%B720230916%C2%B7NIC_P%C2%B74;200;1243
2023-09-16T10:29:33+02:00;2023-09-16;6289ecb0ef699f2bb072306ca3cdd5448ce32e4a;cairn;CAIRN;Cairn;BOOK_SECTION;HTML;9782715401082;;les-eleves-en-situation-de-handicap;;Les élèves en situation de handicap;;les-eleves-en-situation-de-handicap--9782715401082-page-74;www.cairn.info;N;4a0d095b6ed8c57bc4b603dcd19513393e5ba1ac;3.9.2;2023-09-25;1df4e1f;2023-07-26;70ae7649;2023-09-22;filter, parser, deduplicator, istex, crossref, sudoc, hal, enhancer, geolocalizer, cut, on-campus-counter, qualifier, anonymizer;;;;FR;45.748;4.85;38a3bb8bbfdf95f1590b1646bebd1f458aabdfb9;;https://www.cairn.info:443/les-eleves-en-situation-de-handicap--9782715401082-page-74.htm;200;121615
2023-09-16T10:29:33+02:00;2023-09-16;6289ecb0ef699f2bb072306ca3cdd5448ce32e4a;cairn;CAIRN;Cairn;BOOK_SECTION;HTML;9782715401082;;les-eleves-en-situation-de-handicap;;Les élèves en situation de handicap;;les-eleves-en-situation-de-handicap--9782715401082-page-37;www.cairn.info;N;8c14516b40cf268eb9d87333a7e13bfa17e046d0;3.9.2;2023-09-25;1df4e1f;2023-07-26;70ae7649;2023-09-22;filter, parser, deduplicator, istex, crossref, sudoc, hal, enhancer, geolocalizer, cut, on-campus-counter, qualifier, anonymizer;;;;FR;45.748;4.85;38a3bb8bbfdf95f1590b1646bebd1f458aabdfb9;;https://www.cairn.info:443/les-eleves-en-situation-de-handicap--9782715401082-page-37.htm;200;145826
2023-09-16T10:29:33+02:00;2023-09-16;6289ecb0ef699f2bb072306ca3cdd5448ce32e4a;cairn;CAIRN;Cairn;BOOK_SECTION;HTML;9782715401082;;les-eleves-en-situation-de-handicap;;Les élèves en situation de handicap;;les-eleves-en-situation-de-handicap--9782715401082-page-17;www.cairn.info;N;6889f46bcd60f644b89aa15cbba62298e752b810;3.9.2;2023-09-25;1df4e1f;2023-07-26;70ae7649;2023-09-22;filter, parser, deduplicator, istex, crossref, sudoc, hal, enhancer, geolocalizer, cut, on-campus-counter, qualifier, anonymizer;;;;FR;45.748;4.85;38a3bb8bbfdf95f1590b1646bebd1f458aabdfb9;;https://www.cairn.info:443/les-eleves-en-situation-de-handicap--9782715401082-page-17.htm;200;152594
2023-09-16T10:29:33+02:00;2023-09-16;6289ecb0ef699f2bb072306ca3cdd5448ce32e4a;cairn;CAIRN;Cairn;BOOK_SECTION;HTML;9782715401082;;les-eleves-en-situation-de-handicap;;Les élèves en situation de handicap;;les-eleves-en-situation-de-handicap--9782715401082-page-87;www.cairn.info;N;03cca56c7e6d33e0300e5ca88c15fe2e88f8d5f7;3.9.2;2023-09-25;1df4e1f;2023-07-26;70ae7649;2023-09-22;filter, parser, deduplicator, istex, crossref, sudoc, hal, enhancer, geolocalizer, cut, on-campus-counter, qualifier, anonymizer;;;;FR;45.748;4.85;38a3bb8bbfdf95f1590b1646bebd1f458aabdfb9;;https://www.cairn.info:443/les-eleves-en-situation-de-handicap--9782715401082-page-87.htm;200;146699
2023-09-16T10:29:34+02:00;2023-09-16;6289ecb0ef699f2bb072306ca3cdd5448ce32e4a;cairn;CAIRN;Cairn;BOOK_SECTION;HTML;9782715401082;;les-eleves-en-situation-de-handicap;;Les élèves en situation de handicap;;les-eleves-en-situation-de-handicap--9782715401082-page-3;www.cairn.info;N;4c9004fae775d43ad75079ca6cb393162fdf569b;3.9.2;2023-09-25;1df4e1f;2023-07-26;70ae7649;2023-09-22;filter, parser, deduplicator, istex, crossref, sudoc, hal, enhancer, geolocalizer, cut, on-campus-counter, qualifier, anonymizer;;;;FR;45.748;4.85;38a3bb8bbfdf95f1590b1646bebd1f458aabdfb9;;https://www.cairn.info:443/les-eleves-en-situation-de-handicap--9782715401082-page-3.htm;200;124783
2023-09-16T10:29:34+02:00;2023-09-16;6289ecb0ef699f2bb072306ca3cdd5448ce32e4a;cairn;CAIRN;Cairn;BOOK_SECTION;HTML;9782715401082;;les-eleves-en-situation-de-handicap;;Les élèves en situation de handicap;;les-eleves-en-situation-de-handicap--9782715401082-page-108;www.cairn.info;N;718b7bd952e8ae86232bca5be1ab45f668f6416a;3.9.2;2023-09-25;1df4e1f;2023-07-26;70ae7649;2023-09-22;filter, parser, deduplicator, istex, crossref, sudoc, hal, enhancer, geolocalizer, cut, on-campus-counter, qualifier, anonymizer;;;;FR;45.748;4.85;38a3bb8bbfdf95f1590b1646bebd1f458aabdfb9;;https://www.cairn.info:443/les-eleves-en-situation-de-handicap--9782715401082-page-108.htm;200;122499
2023-09-16T10:29:34+02:00;2023-09-16;6289ecb0ef699f2bb072306ca3cdd5448ce32e4a;cairn;CAIRN;Cairn;BOOK_SECTION;HTML;9782715401082;;les-eleves-en-situation-de-handicap;;Les élèves en situation de handicap;;les-eleves-en-situation-de-handicap--9782715401082-page-121;www.cairn.info;N;4f161d2d2f3bc16e8f254683829389ec7bf29278;3.9.2;2023-09-25;1df4e1f;2023-07-26;70ae7649;2023-09-22;filter, parser, deduplicator, istex, crossref, sudoc, hal, enhancer, geolocalizer, cut, on-campus-counter, qualifier, anonymizer;;;;FR;45.748;4.85;38a3bb8bbfdf95f1590b1646bebd1f458aabdfb9;;https://www.cairn.info:443/les-eleves-en-situation-de-handicap--9782715401082-page-121.htm;200;89740
2023-09-16T10:29:34+02:00;2023-09-16;6289ecb0ef699f2bb072306ca3cdd5448ce32e4a;cairn;CAIRN;Cairn;BOOK_SECTION;HTML;9782715401082;;les-eleves-en-situation-de-handicap;;Les élèves en situation de handicap;;les-eleves-en-situation-de-handicap--9782715401082-page-57;www.cairn.info;N;58e951173bfe86d0247aea9c13bfe0f24d9a334c;3.9.2;2023-09-25;1df4e1f;2023-07-26;70ae7649;2023-09-22;filter, parser, deduplicator, istex, crossref, sudoc, hal, enhancer, geolocalizer, cut, on-campus-counter, qualifier, anonymizer;;;;FR;45.748;4.85;38a3bb8bbfdf95f1590b1646bebd1f458aabdfb9;;https://www.cairn.info:443/les-eleves-en-situation-de-handicap--9782715401082-page-57.htm;200;133369
2023-09-16T10:29:44+02:00;2023-09-16;6289ecb0ef699f2bb072306ca3cdd5448ce32e4a;cairn;CAIRN;Cairn;BOOK_SECTION;HTML;9782715401082;;les-eleves-en-situation-de-handicap;;Les élèves en situation de handicap;;les-eleves-en-situation-de-handicap--9782715401082-page-74;www.cairn.info;N;b4d4fa7deb281df1e41624c66f3a5b1f400d288b;3.9.2;2023-09-25;1df4e1f;2023-07-26;70ae7649;2023-09-22;filter, parser, deduplicator, istex, crossref, sudoc, hal, enhancer, geolocalizer, cut, on-campus-counter, qualifier, anonymizer;;;;FR;45.748;4.85;38a3bb8bbfdf95f1590b1646bebd1f458aabdfb9;;https://www.cairn.info:443/les-eleves-en-situation-de-handicap--9782715401082-page-74.htm;200;121493
2023-09-16T10:29:53+02:00;2023-09-16;6289ecb0ef699f2bb072306ca3cdd5448ce32e4a;cairn;CAIRN;Cairn;BOOK_SECTION;HTML;9782715401082;;les-eleves-en-situation-de-handicap;;Les élèves en situation de handicap;;les-eleves-en-situation-de-handicap--9782715401082-page-37;www.cairn.info;N;b5bccef6ae5eb8e32b07759d89fab2f727197e5d;3.9.2;2023-09-25;1df4e1f;2023-07-26;70ae7649;2023-09-22;filter, parser, deduplicator, istex, crossref, sudoc, hal, enhancer, geolocalizer, cut, on-campus-counter, qualifier, anonymizer;;;;FR;45.748;4.85;38a3bb8bbfdf95f1590b1646bebd1f458aabdfb9;;https://www.cairn.info:443/les-eleves-en-situation-de-handicap--9782715401082-page-37.htm;200;145834
2023-09-16T10:29:55+02:00;2023-09-16;6289ecb0ef699f2bb072306ca3cdd5448ce32e4a;cairn;CAIRN;Cairn;BOOK_SECTION;HTML;9782715401082;;les-eleves-en-situation-de-handicap;;Les élèves en situation de handicap;;les-eleves-en-situation-de-handicap--9782715401082-page-3;www.cairn.info;N;c4e3b93307bc0be8b79690ff7f9da314ed3e336d;3.9.2;2023-09-25;1df4e1f;2023-07-26;70ae7649;2023-09-22;filter, parser, deduplicator, istex, crossref, sudoc, hal, enhancer, geolocalizer, cut, on-campus-counter, qualifier, anonymizer;;;;FR;45.748;4.85;38a3bb8bbfdf95f1590b1646bebd1f458aabdfb9;;https://www.cairn.info:443/les-eleves-en-situation-de-handicap--9782715401082-page-3.htm;200;125174
2023-09-16T10:30:02+02:00;2023-09-16;6289ecb0ef699f2bb072306ca3cdd5448ce32e4a;cairn;CAIRN;Cairn;BOOK_SECTION;HTML;9782715401082;;les-eleves-en-situation-de-handicap;;Les élèves en situation de handicap;;les-eleves-en-situation-de-handicap--9782715401082-page-121;www.cairn.info;N;69c527c9964df89311dcf2327f4273dc27d982f4;3.9.2;2023-09-25;1df4e1f;2023-07-26;70ae7649;2023-09-22;filter, parser, deduplicator, istex, crossref, sudoc, hal, enhancer, geolocalizer, cut, on-campus-counter, qualifier, anonymizer;;;;FR;45.748;4.85;38a3bb8bbfdf95f1590b1646bebd1f458aabdfb9;;https://www.cairn.info:443/les-eleves-en-situation-de-handicap--9782715401082-page-121.htm;200;89746
2023-09-16T10:30:03+02:00;2023-09-16;6289ecb0ef699f2bb072306ca3cdd5448ce32e4a;cairn;CAIRN;Cairn;BOOK_SECTION;HTML;;;PUF_CARAG_2019_01;;;;PUF_CARAG_2019_01_0003;www.cairn.info;N;41fbcf77b0a9f26abab9f8e3a5d5eda174cc90ea;3.9.2;2023-09-25;1df4e1f;2023-07-26;70ae7649;2023-09-22;filter, parser, deduplicator, istex, crossref, sudoc, hal, enhancer, geolocalizer, cut, on-campus-counter, qualifier, anonymizer;;;;FR;45.748;4.85;38a3bb8bbfdf95f1590b1646bebd1f458aabdfb9;;https://www.cairn.info:443/feuilleter.php?ID_ARTICLE=PUF_CARAG_2019_01_0003;200;50155
2023-09-16T10:30:12+02:00;2023-09-16;6289ecb0ef699f2bb072306ca3cdd5448ce32e4a;cairn;CAIRN;Cairn;BOOK_SECTION;HTML;9782715401082;;les-eleves-en-situation-de-handicap;;Les élèves en situation de handicap;;les-eleves-en-situation-de-handicap--9782715401082-page-87;www.cairn.info;N;3ea11ce3df1f2fd4b7c0526ebff02c904d85ccea;3.9.2;2023-09-25;1df4e1f;2023-07-26;70ae7649;2023-09-22;filter, parser, deduplicator, istex, crossref, sudoc, hal, enhancer, geolocalizer, cut, on-campus-counter, qualifier, anonymizer;;;;FR;45.748;4.85;38a3bb8bbfdf95f1590b1646bebd1f458aabdfb9;;https://www.cairn.info:443/les-eleves-en-situation-de-handicap--9782715401082-page-87.htm;200;146687
2023-09-16T10:30:20+02:00;2023-09-16;6289ecb0ef699f2bb072306ca3cdd5448ce32e4a;cairn;CAIRN;Cairn;BOOK_SECTION;HTML;9782715401082;;les-eleves-en-situation-de-handicap;;Les élèves en situation de handicap;;les-eleves-en-situation-de-handicap--9782715401082-page-17;www.cairn.info;N;d7f9ea848a0b4849af0560a5346c40367741ebaa;3.9.2;2023-09-25;1df4e1f;2023-07-26;70ae7649;2023-09-22;filter, parser, deduplicator, istex, crossref, sudoc, hal, enhancer, geolocalizer, cut, on-campus-counter, qualifier, anonymizer;;;;FR;45.748;4.85;38a3bb8bbfdf95f1590b1646bebd1f458aabdfb9;;https://www.cairn.info:443/les-eleves-en-situation-de-handicap--9782715401082-page-17.htm;200;152584
2023-09-16T10:30:29+02:00;2023-09-16;6289ecb0ef699f2bb072306ca3cdd5448ce32e4a;cairn;CAIRN;Cairn;BOOK_SECTION;HTML;9782715401082;;les-eleves-en-situation-de-handicap;;Les élèves en situation de handicap;;les-eleves-en-situation-de-handicap--9782715401082-page-3;www.cairn.info;N;df6de9b3bda6af18a8b42b9b1c25618265528040;3.9.2;2023-09-25;1df4e1f;2023-07-26;70ae7649;2023-09-22;filter, parser, deduplicator, istex, crossref, sudoc, hal, enhancer, geolocalizer, cut, on-campus-counter, qualifier, anonymizer;;;;FR;45.748;4.85;38a3bb8bbfdf95f1590b1646bebd1f458aabdfb9;;https://www.cairn.info:443/les-eleves-en-situation-de-handicap--9782715401082-page-3.htm;200;124743
2023-09-16T10:30:43+02:00;2023-09-16;6289ecb0ef699f2bb072306ca3cdd5448ce32e4a;cairn;CAIRN;Cairn;BOOK_SECTION;HTML;9782715401082;;les-eleves-en-situation-de-handicap;;Les élèves en situation de handicap;;les-eleves-en-situation-de-handicap--9782715401082-page-108;www.cairn.info;N;966da7806f4a520de30be4f3224eb01219df175c;3.9.2;2023-09-25;1df4e1f;2023-07-26;70ae7649;2023-09-22;filter, parser, deduplicator, istex, crossref, sudoc, hal, enhancer, geolocalizer, cut, on-campus-counter, qualifier, anonymizer;;;;FR;45.748;4.85;38a3bb8bbfdf95f1590b1646bebd1f458aabdfb9;;https://www.cairn.info:443/les-eleves-en-situation-de-handicap--9782715401082-page-108.htm;200;122479
2023-09-16T10:30:48+02:00;2023-09-16;57ec7178c22df3f4499140c1ff0b091a4e7096c4;ebscohost;EBSCO Discovery Service;EBSCO Publishing;RECORD_VIEW;HTML;;;;;;;;eds.s.ebscohost.com;N;dbfcbe528a945d0d1694267d0fd845645d4ea463;3.9.2;2023-09-25;1df4e1f;2023-07-26;70ae7649;2023-09-22;filter, parser, deduplicator, istex, crossref, sudoc, hal, enhancer, geolocalizer, cut, on-campus-counter, qualifier, anonymizer;;;;FR;48.8582;2.3387;3b19b6ba57d577350ac8d7d7cb4d32613bc4f22b;;https://eds.s.ebscohost.com:443/eds/detail/detail?vid=1&sid=d2bd74dd-322a-4e86-aa68-ef72caaba903%40redis&bdata=Jmxhbmc9ZnImc2l0ZT1lZHMtbGl2ZQ%3d%3d;200;25653
2023-09-16T10:30:57+02:00;2023-09-16;f169aa5a4a563e780ee7ae320a49ca305891bb37;dalloz;Dalloz;Dalloz;;HTML;;;;;;;ENCY/PCIV/RUB000045;www.dalloz.fr;N;ed0e1f72b28d5e26e1197f24f26a560705dbe434;3.9.2;2023-09-25;1df4e1f;2023-07-26;70ae7649;2023-09-22;filter, parser, deduplicator, istex, crossref, sudoc, hal, enhancer, geolocalizer, cut, on-campus-counter, qualifier, anonymizer;;;;FR;48.8582;2.3387;0446f664bd1088abc2a622d71a5ff82cf33d995d;;https://www.dalloz.fr:443/documentation/Document?ctxt=0_YSR0MD1MYSBmb25kYW1lbnRhbGlzYXRpb24gZHUgZHJvaXQgZHUgcHJvY8Ooc8KneCRzZj1zaW1wbGUtc2VhcmNo&ctxtl=0_cyRwYWdlTnVtPTHCp3MkdHJpZGF0ZT1GYWxzZcKncyRzb3J0PSNkZWZhdWx0X0Rlc2PCp3Mkc2xOYlBhZz0yMMKncyRpc2Fibz1UcnVlwqdzJHBhZ2luZz1UcnVlwqdzJG9uZ2xldD3Cp3MkZnJlZXNjb3BlPUZhbHNlwqdzJHdvSVM9RmFsc2XCp3Mkd29TUENIPUZhbHNlwqdzJGZsb3dNb2RlPUZhbHNlwqdzJGJxPcKncyRzZWFyY2hMYWJlbD3Cp3Mkc2VhcmNoQ2xhc3M9&id=ENCY%2FPCIV%2FRUB000045;200;274864
2023-09-16T10:31:11+02:00;2023-09-16;57ec7178c22df3f4499140c1ff0b091a4e7096c4;ebscohost;EBSCO Discovery Service;EBSCO Publishing;RECORD_VIEW;HTML;;;;;;;;eds.s.ebscohost.com;N;2b5d1ace0274fbb1fc0877e6a59d2b8224a49d9c;3.9.2;2023-09-25;1df4e1f;2023-07-26;70ae7649;2023-09-22;filter, parser, deduplicator, istex, crossref, sudoc, hal, enhancer, geolocalizer, cut, on-campus-counter, qualifier, anonymizer;;;;FR;48.8582;2.3387;1bee712423f42ed0a2619f8ba34528d0601948d5;;https://eds.s.ebscohost.com:443/eds/detail/detail?vid=4&sid=bf31e446-2d50-470d-8c6e-8ff9cb989b26%40redis&bdata=Jmxhbmc9ZnImc2l0ZT1lZHMtbGl2ZQ%3d%3d;200;61865
2023-09-16T10:31:58+02:00;2023-09-16;f169aa5a4a563e780ee7ae320a49ca305891bb37;dalloz;Dalloz;Dalloz;;HTML;;;;;;;ENCY/PCIV/RUB000045;www.dalloz.fr;N;58f4c58099ea14a64872581c1dd8aa0f310de02a;3.9.2;2023-09-25;1df4e1f;2023-07-26;70ae7649;2023-09-22;filter, parser, deduplicator, istex, crossref, sudoc, hal, enhancer, geolocalizer, cut, on-campus-counter, qualifier, anonymizer;;;;FR;48.8582;2.3387;0446f664bd1088abc2a622d71a5ff82cf33d995d;;https://www.dalloz.fr:443/documentation/Document?ctxt=0_YSR0MD1BTVJBTkkgTUVLS0kgUy4sIMKrIExhIGZvbmRhbWVudGFsaXNhdGlvbiBkdSBkcm9pdCBkdSBwcm9jw6hzwqDCu8KneCRzZj1zaW1wbGUtc2VhcmNo&ctxtl=0_cyRwYWdlTnVtPTHCp3MkdHJpZGF0ZT1GYWxzZcKncyRzb3J0PSNkZWZhdWx0X0Rlc2PCp3Mkc2xOYlBhZz0yMMKncyRpc2Fibz1UcnVlwqdzJHBhZ2luZz1UcnVlwqdzJG9uZ2xldD3Cp3MkZnJlZXNjb3BlPUZhbHNlwqdzJHdvSVM9RmFsc2XCp3Mkd29TUENIPUZhbHNlwqdzJGZsb3dNb2RlPUZhbHNlwqdzJGJxPcKncyRzZWFyY2hMYWJlbD3Cp3Mkc2VhcmNoQ2xhc3M9&id=ENCY%2FPCIV%2FRUB000045;200;274279
2023-09-16T10:32:03+02:00;2023-09-16;6289ecb0ef699f2bb072306ca3cdd5448ce32e4a;cairn;CAIRN;Cairn;BOOK_SECTION;HTML;;;PUF_CARAG_2019_01;;;;PUF_CARAG_2019_01_0017;www.cairn.info;N;53c608d7833fcfec8a2da7d4a336493e38a00cd4;3.9.2;2023-09-25;1df4e1f;2023-07-26;70ae7649;2023-09-22;filter, parser, deduplicator, istex, crossref, sudoc, hal, enhancer, geolocalizer, cut, on-campus-counter, qualifier, anonymizer;;;;FR;45.748;4.85;38a3bb8bbfdf95f1590b1646bebd1f458aabdfb9;;https://www.cairn.info:443/feuilleter.php?ID_ARTICLE=PUF_CARAG_2019_01_0017;200;50517
2023-09-16T10:32:12+02:00;2023-09-16;4f4b3195bb20c8af2586928b323a7a34335938c6;europresse;Europresse;CEDROM-SNi;ARTICLE;PDF;;;;;;;pdf·20230916·NIC_P·5;nouveau.europresse.com;N;4c02d75eae73ebcf22815b006a98759be1cc4e3d;3.9.2;2023-09-25;1df4e1f;2023-07-26;70ae7649;2023-09-22;filter, parser, deduplicator, istex, crossref, sudoc, hal, enhancer, geolocalizer, cut, on-campus-counter, qualifier, anonymizer;;;;FR;43.766;5.3667;ae39016c34200901584cf493e299a0ae62fcdaeb;;https://nouveau.europresse.com:443/Pdf/ImageList?docName=pdf%C2%B720230916%C2%B7NIC_P%C2%B75;200;1243
2023-09-16T10:32:29+02:00;2023-09-16;4f4b3195bb20c8af2586928b323a7a34335938c6;europresse;Europresse;CEDROM-SNi;ARTICLE;PDF;;;;;;;pdf·20230916·NIC_P·6;nouveau.europresse.com;N;c01bc0d4a3c189f79499be9b39bfaedf920d8429;3.9.2;2023-09-25;1df4e1f;2023-07-26;70ae7649;2023-09-22;filter, parser, deduplicator, istex, crossref, sudoc, hal, enhancer, geolocalizer, cut, on-campus-counter, qualifier, anonymizer;;;;FR;43.766;5.3667;ae39016c34200901584cf493e299a0ae62fcdaeb;;https://nouveau.europresse.com:443/Pdf/ImageList?docName=pdf%C2%B720230916%C2%B7NIC_P%C2%B76;200;1243
2023-09-16T10:33:01+02:00;2023-09-16;4f4b3195bb20c8af2586928b323a7a34335938c6;europresse;Europresse;CEDROM-SNi;ARTICLE;PDF;;;;;;;pdf·20230916·NIC_P·7;nouveau.europresse.com;N;0e46222added85c2685848460d7220bd91d86997;3.9.2;2023-09-25;1df4e1f;2023-07-26;70ae7649;2023-09-22;filter, parser, deduplicator, istex, crossref, sudoc, hal, enhancer, geolocalizer, cut, on-campus-counter, qualifier, anonymizer;;;;FR;43.766;5.3667;ae39016c34200901584cf493e299a0ae62fcdaeb;;https://nouveau.europresse.com:443/Pdf/ImageList?docName=pdf%C2%B720230916%C2%B7NIC_P%C2%B77;200;1242
2023-09-16T10:33:24+02:00;2023-09-16;4f4b3195bb20c8af2586928b323a7a34335938c6;europresse;Europresse;CEDROM-SNi;ARTICLE;PDF;;;;;;;pdf·20230916·NIC_P·8;nouveau.europresse.com;N;be26b2102b403f93fc5df3c7cda44909e033819f;3.9.2;2023-09-25;1df4e1f;2023-07-26;70ae7649;2023-09-22;filter, parser, deduplicator, istex, crossref, sudoc, hal, enhancer, geolocalizer, cut, on-campus-counter, qualifier, anonymizer;;;;FR;43.766;5.3667;ae39016c34200901584cf493e299a0ae62fcdaeb;;https://nouveau.europresse.com:443/Pdf/ImageList?docName=pdf%C2%B720230916%C2%B7NIC_P%C2%B78;200;1243
2023-09-16T10:33:48+02:00;2023-09-16;4f4b3195bb20c8af2586928b323a7a34335938c6;europresse;Europresse;CEDROM-SNi;ARTICLE;PDF;;;;;;;pdf·20230916·NIC_P·9;nouveau.europresse.com;N;822aa06c4781718062399483efa22035b7d593d8;3.9.2;2023-09-25;1df4e1f;2023-07-26;70ae7649;2023-09-22;filter, parser, deduplicator, istex, crossref, sudoc, hal, enhancer, geolocalizer, cut, on-campus-counter, qualifier, anonymizer;;;;FR;43.766;5.3667;ae39016c34200901584cf493e299a0ae62fcdaeb;;https://nouveau.europresse.com:443/Pdf/ImageList?docName=pdf%C2%B720230916%C2%B7NIC_P%C2%B79;200;1243
2023-09-16T10:36:00+02:00;2023-09-16;4f4b3195bb20c8af2586928b323a7a34335938c6;europresse;Europresse;CEDROM-SNi;ARTICLE;PDF;;;;;;;pdf·20230916·NIC_P·10;nouveau.europresse.com;N;0b99ebe4565c3e8412365a2abf4697c197f8b66a;3.9.2;2023-09-25;1df4e1f;2023-07-26;70ae7649;2023-09-22;filter, parser, deduplicator, istex, crossref, sudoc, hal, enhancer, geolocalizer, cut, on-campus-counter, qualifier, anonymizer;;;;FR;43.766;5.3667;ae39016c34200901584cf493e299a0ae62fcdaeb;;https://nouveau.europresse.com:443/Pdf/ImageList?docName=pdf%C2%B720230916%C2%B7NIC_P%C2%B710;200;1243
2023-09-16T10:36:18+02:00;2023-09-16;4f4b3195bb20c8af2586928b323a7a34335938c6;europresse;Europresse;CEDROM-SNi;ARTICLE;PDF;;;;;;;pdf·20230916·NIC_P·11;nouveau.europresse.com;N;dcf292a5010f1838e8feabcfd1e8d1dc400c30d6;3.9.2;2023-09-25;1df4e1f;2023-07-26;70ae7649;2023-09-22;filter, parser, deduplicator, istex, crossref, sudoc, hal, enhancer, geolocalizer, cut, on-campus-counter, qualifier, anonymizer;;;;FR;43.766;5.3667;ae39016c34200901584cf493e299a0ae62fcdaeb;;https://nouveau.europresse.com:443/Pdf/ImageList?docName=pdf%C2%B720230916%C2%B7NIC_P%C2%B711;200;1243
2023-09-16T10:38:07+02:00;2023-09-16;4f4b3195bb20c8af2586928b323a7a34335938c6;europresse;Europresse;CEDROM-SNi;ARTICLE;PDF;;;;;;;pdf·20230916·NIC_P·12;nouveau.europresse.com;N;42d46837bf4543694ec1d2cc772d25cdb11a729f;3.9.2;2023-09-25;1df4e1f;2023-07-26;70ae7649;2023-09-22;filter, parser, deduplicator, istex, crossref, sudoc, hal, enhancer, geolocalizer, cut, on-campus-counter, qualifier, anonymizer;;;;FR;43.766;5.3667;ae39016c34200901584cf493e299a0ae62fcdaeb;;https://nouveau.europresse.com:443/Pdf/ImageList?docName=pdf%C2%B720230916%C2%B7NIC_P%C2%B712;200;1243
2023-09-16T10:38:17+02:00;2023-09-16;4f4b3195bb20c8af2586928b323a7a34335938c6;europresse;Europresse;CEDROM-SNi;ARTICLE;PDF;;;;;;;pdf·20230916·NIC_P·13;nouveau.europresse.com;N;b5a5a3bacf34a74186af31960ca9078c63d58879;3.9.2;2023-09-25;1df4e1f;2023-07-26;70ae7649;2023-09-22;filter, parser, deduplicator, istex, crossref, sudoc, hal, enhancer, geolocalizer, cut, on-campus-counter, qualifier, anonymizer;;;;FR;43.766;5.3667;ae39016c34200901584cf493e299a0ae62fcdaeb;;https://nouveau.europresse.com:443/Pdf/ImageList?docName=pdf%C2%B720230916%C2%B7NIC_P%C2%B713;200;1243
2023-09-16T10:38:44+02:00;2023-09-16;4f4b3195bb20c8af2586928b323a7a34335938c6;europresse;Europresse;CEDROM-SNi;ARTICLE;PDF;;;;;;;pdf·20230916·NIC_P·14;nouveau.europresse.com;N;790d1114096a08ef89023bb8c84e0715f431709e;3.9.2;2023-09-25;1df4e1f;2023-07-26;70ae7649;2023-09-22;filter, parser, deduplicator, istex, crossref, sudoc, hal, enhancer, geolocalizer, cut, on-campus-counter, qualifier, anonymizer;;;;FR;43.766;5.3667;ae39016c34200901584cf493e299a0ae62fcdaeb;;https://nouveau.europresse.com:443/Pdf/ImageList?docName=pdf%C2%B720230916%C2%B7NIC_P%C2%B714;200;1243
2023-09-16T10:39:16+02:00;2023-09-16;4f4b3195bb20c8af2586928b323a7a34335938c6;europresse;Europresse;CEDROM-SNi;ARTICLE;PDF;;;;;;;pdf·20230916·NIC_P·15;nouveau.europresse.com;N;8928263c71bc9c2d33e869f129a8c97be72d369c;3.9.2;2023-09-25;1df4e1f;2023-07-26;70ae7649;2023-09-22;filter, parser, deduplicator, istex, crossref, sudoc, hal, enhancer, geolocalizer, cut, on-campus-counter, qualifier, anonymizer;;;;FR;43.766;5.3667;ae39016c34200901584cf493e299a0ae62fcdaeb;;https://nouveau.europresse.com:443/Pdf/ImageList?docName=pdf%C2%B720230916%C2%B7NIC_P%C2%B715;200;1241
2023-09-16T10:40:27+02:00;2023-09-16;4f4b3195bb20c8af2586928b323a7a34335938c6;europresse;Europresse;CEDROM-SNi;ARTICLE;PDF;;;;;;;pdf·20230916·NIC_P·16;nouveau.europresse.com;N;67f5b883ffa83fc92bd1bc1ab732d893126024bf;3.9.2;2023-09-25;1df4e1f;2023-07-26;70ae7649;2023-09-22;filter, parser, deduplicator, istex, crossref, sudoc, hal, enhancer, geolocalizer, cut, on-campus-counter, qualifier, anonymizer;;;;FR;43.766;5.3667;ae39016c34200901584cf493e299a0ae62fcdaeb;;https://nouveau.europresse.com:443/Pdf/ImageList?docName=pdf%C2%B720230916%C2%B7NIC_P%C2%B716;200;1243
2023-09-16T10:40:28+02:00;2023-09-16;6289ecb0ef699f2bb072306ca3cdd5448ce32e4a;cairn;CAIRN;Cairn;BOOK_SECTION;HTML;;;PUF_CARAG_2019_01;;;;PUF_CARAG_2019_01_0037;www.cairn.info;N;65c3aa504b384ce08885af80e97ea4ded004e729;3.9.2;2023-09-25;1df4e1f;2023-07-26;70ae7649;2023-09-22;filter, parser, deduplicator, istex, crossref, sudoc, hal, enhancer, geolocalizer, cut, on-campus-counter, qualifier, anonymizer;;;;FR;45.748;4.85;38a3bb8bbfdf95f1590b1646bebd1f458aabdfb9;;https://www.cairn.info:443/feuilleter.php?ID_ARTICLE=PUF_CARAG_2019_01_0037;200;50483
2023-09-16T10:41:01+02:00;2023-09-16;6289ecb0ef699f2bb072306ca3cdd5448ce32e4a;cairn;CAIRN;Cairn;BOOK_SECTION;HTML;;;PUF_CARAG_2019_01;;;;PUF_CARAG_2019_01_0057;www.cairn.info;N;b2be868889fa7de1c1fa627b193301814a98e27c;3.9.2;2023-09-25;1df4e1f;2023-07-26;70ae7649;2023-09-22;filter, parser, deduplicator, istex, crossref, sudoc, hal, enhancer, geolocalizer, cut, on-campus-counter, qualifier, anonymizer;;;;FR;45.748;4.85;38a3bb8bbfdf95f1590b1646bebd1f458aabdfb9;;https://www.cairn.info:443/feuilleter.php?ID_ARTICLE=PUF_CARAG_2019_01_0057;200;50292
2023-09-16T10:41:20+02:00;2023-09-16;4f4b3195bb20c8af2586928b323a7a34335938c6;europresse;Europresse;CEDROM-SNi;ARTICLE;PDF;;;;;;;pdf·20230916·NIC_P·17;nouveau.europresse.com;N;ddd97c29fb3910e0f407047e6edff12ac136e7d6;3.9.2;2023-09-25;1df4e1f;2023-07-26;70ae7649;2023-09-22;filter, parser, deduplicator, istex, crossref, sudoc, hal, enhancer, geolocalizer, cut, on-campus-counter, qualifier, anonymizer;;;;FR;43.766;5.3667;ae39016c34200901584cf493e299a0ae62fcdaeb;;https://nouveau.europresse.com:443/Pdf/ImageList?docName=pdf%C2%B720230916%C2%B7NIC_P%C2%B717;200;1243
2023-09-16T10:41:22+02:00;2023-09-16;6289ecb0ef699f2bb072306ca3cdd5448ce32e4a;cairn;CAIRN;Cairn;BOOK_SECTION;HTML;;;PUF_CARAG_2019_01;;;;PUF_CARAG_2019_01_0074;www.cairn.info;N;f61a7bce128d73a4f488c0efe0a1f8a27d2db75e;3.9.2;2023-09-25;1df4e1f;2023-07-26;70ae7649;2023-09-22;filter, parser, deduplicator, istex, crossref, sudoc, hal, enhancer, geolocalizer, cut, on-campus-counter, qualifier, anonymizer;;;;FR;45.748;4.85;38a3bb8bbfdf95f1590b1646bebd1f458aabdfb9;;https://www.cairn.info:443/feuilleter.php?ID_ARTICLE=PUF_CARAG_2019_01_0074;200;50379
2023-09-16T10:41:49+02:00;2023-09-16;6289ecb0ef699f2bb072306ca3cdd5448ce32e4a;cairn;CAIRN;Cairn;BOOK_SECTION;HTML;;;PUF_CARAG_2019_01;;;;PUF_CARAG_2019_01_0087;www.cairn.info;N;c67c1098b6a71faafa583e6031fccf1d8114f9ee;3.9.2;2023-09-25;1df4e1f;2023-07-26;70ae7649;2023-09-22;filter, parser, deduplicator, istex, crossref, sudoc, hal, enhancer, geolocalizer, cut, on-campus-counter, qualifier, anonymizer;;;;FR;45.748;4.85;38a3bb8bbfdf95f1590b1646bebd1f458aabdfb9;;https://www.cairn.info:443/feuilleter.php?ID_ARTICLE=PUF_CARAG_2019_01_0087;200;50422
2023-09-16T10:42:15+02:00;2023-09-16;6289ecb0ef699f2bb072306ca3cdd5448ce32e4a;cairn;CAIRN;Cairn;BOOK_SECTION;HTML;;;PUF_CARAG_2019_01;;;;PUF_CARAG_2019_01_0108;www.cairn.info;N;4404f3f9ec23cdc71337bc53008ec9f30edd8b03;3.9.2;2023-09-25;1df4e1f;2023-07-26;70ae7649;2023-09-22;filter, parser, deduplicator, istex, crossref, sudoc, hal, enhancer, geolocalizer, cut, on-campus-counter, qualifier, anonymizer;;;;FR;45.748;4.85;38a3bb8bbfdf95f1590b1646bebd1f458aabdfb9;;https://www.cairn.info:443/feuilleter.php?ID_ARTICLE=PUF_CARAG_2019_01_0108;200;50556
2023-09-16T10:42:36+02:00;2023-09-16;6289ecb0ef699f2bb072306ca3cdd5448ce32e4a;cairn;CAIRN;Cairn;BOOK_SECTION;HTML;;;PUF_CARAG_2019_01;;;;PUF_CARAG_2019_01_0121;www.cairn.info;N;1307feb4f149e3c843f171db11cee478ca0eb789;3.9.2;2023-09-25;1df4e1f;2023-07-26;70ae7649;2023-09-22;filter, parser, deduplicator, istex, crossref, sudoc, hal, enhancer, geolocalizer, cut, on-campus-counter, qualifier, anonymizer;;;;FR;45.748;4.85;38a3bb8bbfdf95f1590b1646bebd1f458aabdfb9;;https://www.cairn.info:443/feuilleter.php?ID_ARTICLE=PUF_CARAG_2019_01_0121;200;50154
2023-09-16T10:42:53+02:00;2023-09-16;6289ecb0ef699f2bb072306ca3cdd5448ce32e4a;cairn;CAIRN;Cairn;BOOK_SECTION;HTML;;;PUF_CARAG_2019_01;;;;PUF_CARAG_2019_01_0124;www.cairn.info;N;bdcc7ea4a190b68c726ff68a48c558c4e3e2be7e;3.9.2;2023-09-25;1df4e1f;2023-07-26;70ae7649;2023-09-22;filter, parser, deduplicator, istex, crossref, sudoc, hal, enhancer, geolocalizer, cut, on-campus-counter, qualifier, anonymizer;;;;FR;45.748;4.85;38a3bb8bbfdf95f1590b1646bebd1f458aabdfb9;;https://www.cairn.info:443/feuilleter.php?ID_ARTICLE=PUF_CARAG_2019_01_0124;200;50017
2023-09-16T10:43:19+02:00;2023-09-16;6289ecb0ef699f2bb072306ca3cdd5448ce32e4a;cairn;CAIRN;Cairn;BOOK_SECTION;HTML;;;PUF_CARAG_2019_01;;;;PUF_CARAG_2019_01_0126;www.cairn.info;N;4b70adf25a9f367251378f544c52135589778f80;3.9.2;2023-09-25;1df4e1f;2023-07-26;70ae7649;2023-09-22;filter, parser, deduplicator, istex, crossref, sudoc, hal, enhancer, geolocalizer, cut, on-campus-counter, qualifier, anonymizer;;;;FR;45.748;4.85;38a3bb8bbfdf95f1590b1646bebd1f458aabdfb9;;https://www.cairn.info:443/feuilleter.php?ID_ARTICLE=PUF_CARAG_2019_01_0126;200;50059
2023-09-16T10:43:35+02:00;2023-09-16;6289ecb0ef699f2bb072306ca3cdd5448ce32e4a;cairn;CAIRN;Cairn;BOOK_SECTION;HTML;;;PUF_CARAG_2019_01;;;;PUF_CARAG_2019_01_0127;www.cairn.info;N;a15efbbd3e5226288a6bdab1a6646ba0a66ed34d;3.9.2;2023-09-25;1df4e1f;2023-07-26;70ae7649;2023-09-22;filter, parser, deduplicator, istex, crossref, sudoc, hal, enhancer, geolocalizer, cut, on-campus-counter, qualifier, anonymizer;;;;FR;45.748;4.85;38a3bb8bbfdf95f1590b1646bebd1f458aabdfb9;;https://www.cairn.info:443/feuilleter.php?ID_ARTICLE=PUF_CARAG_2019_01_0127;200;49616
2023-09-16T10:47:41+02:00;2023-09-16;6289ecb0ef699f2bb072306ca3cdd5448ce32e4a;cairn;CAIRN;Cairn;BOOK_SECTION;HTML;9782130812289;9782130732174;les-100-mots-de-l-education;;Les 100 mots de l'éducation;;les-100-mots-de-l-education--9782130812289-page-3;www.cairn.info;N;dd300dae48d370390fab39b2b11df726b4ad91ac;3.9.2;2023-09-25;1df4e1f;2023-07-26;70ae7649;2023-09-22;filter, parser, deduplicator, istex, crossref, sudoc, hal, enhancer, geolocalizer, cut, on-campus-counter, qualifier, anonymizer;;;;FR;45.748;4.85;38a3bb8bbfdf95f1590b1646bebd1f458aabdfb9;;https://www.cairn.info:443/les-100-mots-de-l-education--9782130812289-page-3.htm;200;94913
2023-09-16T10:47:52+02:00;2023-09-16;6289ecb0ef699f2bb072306ca3cdd5448ce32e4a;cairn;CAIRN;Cairn;TOC;HTML;9782130812289;9782130732174;les-100-mots-de-l-education;;Les 100 mots de l'éducation;;les-100-mots-de-l-education--9782130812289;www.cairn.info;N;b47da029ab11c6788dfa9d633f12819aa4410599;3.9.2;2023-09-25;1df4e1f;2023-07-26;70ae7649;2023-09-22;filter, parser, deduplicator, istex, crossref, sudoc, hal, enhancer, geolocalizer, cut, on-campus-counter, qualifier, anonymizer;;;;FR;45.748;4.85;38a3bb8bbfdf95f1590b1646bebd1f458aabdfb9;;https://www.cairn.info:443/les-100-mots-de-l-education--9782130812289.htm?contenu=sommaire;200;104196
2023-09-16T10:49:07+02:00;2023-09-16;6289ecb0ef699f2bb072306ca3cdd5448ce32e4a;cairn;CAIRN;Cairn;BOOK_SECTION;HTML;9782130812289;9782130732174;les-100-mots-de-l-education;;Les 100 mots de l'éducation;;les-100-mots-de-l-education--9782130812289-page-3;www.cairn.info;N;fe123839ddd0dac4ee8a37dad11f156b9a320fab;3.9.2;2023-09-25;1df4e1f;2023-07-26;70ae7649;2023-09-22;filter, parser, deduplicator, istex, crossref, sudoc, hal, enhancer, geolocalizer, cut, on-campus-counter, qualifier, anonymizer;;;;FR;45.748;4.85;38a3bb8bbfdf95f1590b1646bebd1f458aabdfb9;;https://www.cairn.info:443/les-100-mots-de-l-education--9782130812289-page-3.htm;200;94853
2023-09-16T10:50:33+02:00;2023-09-16;6289ecb0ef699f2bb072306ca3cdd5448ce32e4a;cairn;CAIRN;Cairn;BOOK_SECTION;HTML;9782130812289;9782130732174;les-100-mots-de-l-education;;Les 100 mots de l'éducation;;les-100-mots-de-l-education--9782130812289-page-7;www.cairn.info;N;6f2a8fb68bddb54833d2a12270fc0c4d27ca0319;3.9.2;2023-09-25;1df4e1f;2023-07-26;70ae7649;2023-09-22;filter, parser, deduplicator, istex, crossref, sudoc, hal, enhancer, geolocalizer, cut, on-campus-counter, qualifier, anonymizer;;;;FR;45.748;4.85;38a3bb8bbfdf95f1590b1646bebd1f458aabdfb9;;https://www.cairn.info:443/les-100-mots-de-l-education--9782130812289-page-7.htm;200;80953
2023-09-16T10:51:27+02:00;2023-09-16;6289ecb0ef699f2bb072306ca3cdd5448ce32e4a;cairn;CAIRN;Cairn;BOOK_SECTION;HTML;9782130812289;9782130732174;les-100-mots-de-l-education;;Les 100 mots de l'éducation;;les-100-mots-de-l-education--9782130812289-page-9;www.cairn.info;N;a4c33333654c5973076f4cc71539291873de1b13;3.9.2;2023-09-25;1df4e1f;2023-07-26;70ae7649;2023-09-22;filter, parser, deduplicator, istex, crossref, sudoc, hal, enhancer, geolocalizer, cut, on-campus-counter, qualifier, anonymizer;;;;FR;45.748;4.85;38a3bb8bbfdf95f1590b1646bebd1f458aabdfb9;;https://www.cairn.info:443/les-100-mots-de-l-education--9782130812289-page-9.htm;200;172799
2023-09-16T10:52:21+02:00;2023-09-16;6289ecb0ef699f2bb072306ca3cdd5448ce32e4a;cairn;CAIRN;Cairn;BOOK_SECTION;HTML;9782130812289;9782130732174;les-100-mots-de-l-education;;Les 100 mots de l'éducation;;les-100-mots-de-l-education--9782130812289-page-37;www.cairn.info;N;148ca9e4cfd22b0658f91fb21c3f58e71895760f;3.9.2;2023-09-25;1df4e1f;2023-07-26;70ae7649;2023-09-22;filter, parser, deduplicator, istex, crossref, sudoc, hal, enhancer, geolocalizer, cut, on-campus-counter, qualifier, anonymizer;;;;FR;45.748;4.85;38a3bb8bbfdf95f1590b1646bebd1f458aabdfb9;;https://www.cairn.info:443/les-100-mots-de-l-education--9782130812289-page-37.htm;200;154256
2023-09-16T10:52:52+02:00;2023-09-16;6289ecb0ef699f2bb072306ca3cdd5448ce32e4a;cairn;CAIRN;Cairn;BOOK_SECTION;HTML;9782130812289;9782130732174;les-100-mots-de-l-education;;Les 100 mots de l'éducation;;les-100-mots-de-l-education--9782130812289-page-58;www.cairn.info;N;98a8c96048279ed1595c306d0209a83657ab1142;3.9.2;2023-09-25;1df4e1f;2023-07-26;70ae7649;2023-09-22;filter, parser, deduplicator, istex, crossref, sudoc, hal, enhancer, geolocalizer, cut, on-campus-counter, qualifier, anonymizer;;;;FR;45.748;4.85;38a3bb8bbfdf95f1590b1646bebd1f458aabdfb9;;https://www.cairn.info:443/les-100-mots-de-l-education--9782130812289-page-58.htm;200;166177
2023-09-16T10:53:35+02:00;2023-09-16;6289ecb0ef699f2bb072306ca3cdd5448ce32e4a;cairn;CAIRN;Cairn;BOOK_SECTION;HTML;9782130812289;9782130732174;les-100-mots-de-l-education;;Les 100 mots de l'éducation;;les-100-mots-de-l-education--9782130812289-page-84;www.cairn.info;N;43c25a09e809aef9428511f283b7575036ba16c9;3.9.2;2023-09-25;1df4e1f;2023-07-26;70ae7649;2023-09-22;filter, parser, deduplicator, istex, crossref, sudoc, hal, enhancer, geolocalizer, cut, on-campus-counter, qualifier, anonymizer;;;;FR;45.748;4.85;38a3bb8bbfdf95f1590b1646bebd1f458aabdfb9;;https://www.cairn.info:443/les-100-mots-de-l-education--9782130812289-page-84.htm;200;148812
2023-09-16T10:54:11+02:00;2023-09-16;6289ecb0ef699f2bb072306ca3cdd5448ce32e4a;cairn;CAIRN;Cairn;BOOK_SECTION;HTML;9782130812289;9782130732174;les-100-mots-de-l-education;;Les 100 mots de l'éducation;;les-100-mots-de-l-education--9782130812289-page-104;www.cairn.info;N;e528b8d3f3c0cad545a792e63e3141999a5292cc;3.9.2;2023-09-25;1df4e1f;2023-07-26;70ae7649;2023-09-22;filter, parser, deduplicator, istex, crossref, sudoc, hal, enhancer, geolocalizer, cut, on-campus-counter, qualifier, anonymizer;;;;FR;45.748;4.85;38a3bb8bbfdf95f1590b1646bebd1f458aabdfb9;;https://www.cairn.info:443/les-100-mots-de-l-education--9782130812289-page-104.htm;200;146005
2023-09-16T10:54:48+02:00;2023-09-16;6289ecb0ef699f2bb072306ca3cdd5448ce32e4a;cairn;CAIRN;Cairn;BOOK_SECTION;HTML;;;PUF_RAYOU_2018_01;;;;PUF_RAYOU_2018_01_0124;www.cairn.info;N;d97fcaeb7ebe44b2a03fc62a25d9c5025baf4cdc;3.9.2;2023-09-25;1df4e1f;2023-07-26;70ae7649;2023-09-22;filter, parser, deduplicator, istex, crossref, sudoc, hal, enhancer, geolocalizer, cut, on-campus-counter, qualifier, anonymizer;;;;FR;45.748;4.85;38a3bb8bbfdf95f1590b1646bebd1f458aabdfb9;;https://www.cairn.info:443/feuilleter.php?ID_ARTICLE=PUF_RAYOU_2018_01_0124;200;48157
2023-09-16T10:57:01+02:00;2023-09-16;7eef5ef8d7f7319cdcdf25a40255201936021ede;dalloz;Dalloz;Dalloz;;HTML;;;;;;;RECUEIL/CHRON/2018/0530;www.dalloz.fr;N;385920b1faf43785626a207169a0ef934afa5067;3.9.2;2023-09-25;1df4e1f;2023-07-26;70ae7649;2023-09-22;filter, parser, deduplicator, istex, crossref, sudoc, hal, enhancer, geolocalizer, cut, on-campus-counter, qualifier, anonymizer;;;;FR;48.4867;5.0006;71f1b48c81f98941aadfbe3063ddd69e064536e9;;https://www.dalloz.fr:443/documentation/Document?ctxt=0_YSRzMT1FVMKnYSRzMz1FVMKnYSRzMj1FVMKndCRzMD05QkVBRDg0RMKnaCRoMT1CUkVOTkVSwqdoJGg2PTIwMTjCp2gkaDU9MzYxwqd4JHNmPXBhZ2UtcmVjaGVyY2hl&ctxtl=0_cyRwYWdlTnVtPTHCp3MkdHJpZGF0ZT1GYWxzZcKncyRzb3J0PSNkZWZhdWx0X0Rlc2PCp3Mkc2xOYlBhZz0yMMKncyRpc2Fibz1UcnVlwqdzJHBhZ2luZz1UcnVlwqdzJG9uZ2xldD3Cp3MkZnJlZXNjb3BlPUZhbHNlwqdzJHdvSVM9RmFsc2XCp3Mkd29TUENIPUZhbHNlwqdzJGZsb3dNb2RlPUZhbHNlwqdzJGJxPcKncyRzZWFyY2hMYWJlbD3Cp3Mkc2VhcmNoQ2xhc3M9&id=RECUEIL%2FCHRON%2F2018%2F0530;200;317494
2023-09-16T10:58:21+02:00;2023-09-16;4f4b3195bb20c8af2586928b323a7a34335938c6;europresse;Europresse;CEDROM-SNi;ARTICLE;PDF;;;;;;;pdf·20230916·NIC_P·18;nouveau.europresse.com;N;8a9356c5fbb49d93e55e64c636fda89c6fac7671;3.9.2;2023-09-25;1df4e1f;2023-07-26;70ae7649;2023-09-22;filter, parser, deduplicator, istex, crossref, sudoc, hal, enhancer, geolocalizer, cut, on-campus-counter, qualifier, anonymizer;;;;FR;43.766;5.3667;ae39016c34200901584cf493e299a0ae62fcdaeb;;https://nouveau.europresse.com:443/Pdf/ImageList?docName=pdf%C2%B720230916%C2%B7NIC_P%C2%B718;200;1410
2023-09-16T10:58:55+02:00;2023-09-16;4f4b3195bb20c8af2586928b323a7a34335938c6;europresse;Europresse;CEDROM-SNi;ARTICLE;PDF;;;;;;;pdf·20230916·NIC_P·19;nouveau.europresse.com;N;a4535b5c683b974c074e52836cededb975108851;3.9.2;2023-09-25;1df4e1f;2023-07-26;70ae7649;2023-09-22;filter, parser, deduplicator, istex, crossref, sudoc, hal, enhancer, geolocalizer, cut, on-campus-counter, qualifier, anonymizer;;;;FR;43.766;5.3667;ae39016c34200901584cf493e299a0ae62fcdaeb;;https://nouveau.europresse.com:443/Pdf/ImageList?docName=pdf%C2%B720230916%C2%B7NIC_P%C2%B719;200;1410
2023-09-16T10:58:58+02:00;2023-09-16;4f4b3195bb20c8af2586928b323a7a34335938c6;europresse;Europresse;CEDROM-SNi;ARTICLE;PDF;;;;;;;pdf·20230916·NIC_P·20;nouveau.europresse.com;N;a3e25a383774474691ffa072f8c11ba5699efbea;3.9.2;2023-09-25;1df4e1f;2023-07-26;70ae7649;2023-09-22;filter, parser, deduplicator, istex, crossref, sudoc, hal, enhancer, geolocalizer, cut, on-campus-counter, qualifier, anonymizer;;;;FR;43.766;5.3667;ae39016c34200901584cf493e299a0ae62fcdaeb;;https://nouveau.europresse.com:443/Pdf/ImageList?docName=pdf%C2%B720230916%C2%B7NIC_P%C2%B720;200;1410
2023-09-16T10:58:58+02:00;2023-09-16;4f4b3195bb20c8af2586928b323a7a34335938c6;europresse;Europresse;CEDROM-SNi;ARTICLE;PDF;;;;;;;pdf·20230916·NIC_P·21;nouveau.europresse.com;N;ca5ff6e5a5578d759dc3df6c421dff8d5a63c411;3.9.2;2023-09-25;1df4e1f;2023-07-26;70ae7649;2023-09-22;filter, parser, deduplicator, istex, crossref, sudoc, hal, enhancer, geolocalizer, cut, on-campus-counter, qualifier, anonymizer;;;;FR;43.766;5.3667;ae39016c34200901584cf493e299a0ae62fcdaeb;;https://nouveau.europresse.com:443/Pdf/ImageList?docName=pdf%C2%B720230916%C2%B7NIC_P%C2%B721;200;1410
2023-09-16T11:16:36+02:00;2023-09-16;30c94a9350047770cf010dcc1f941a8d3b976c94;dalloz;Dalloz;Dalloz;;HTML;;;;;;;ENCY/PCIV/RUB000109/2020-11/PLAN/0062;www.dalloz.fr;N;5b69f7e7f60f9d1f8e1a50725539f2c3f3fbf435;3.9.2;2023-09-25;1df4e1f;2023-07-26;70ae7649;2023-09-22;filter, parser, deduplicator, istex, crossref, sudoc, hal, enhancer, geolocalizer, cut, on-campus-counter, qualifier, anonymizer;;;;FR;50.6756;1.5723;694bc5609cd454075520277823e60c83eb55afbe;;https://www.dalloz.fr:443/documentation/Document?ctxt=0_YSR0MD1RdeKAmWVzdCBkZXZlbnVlIGxhIHBlbnPDqWUgZGUgSGVucmkgTW90dWxza3kgP8KneCRzZj1zaW1wbGUtc2VhcmNo&ctxtl=0_cyRwYWdlTnVtPTHCp3MkdHJpZGF0ZT1GYWxzZcKncyRzb3J0PSNkZWZhdWx0X0Rlc2PCp3Mkc2xOYlBhZz0yMMKncyRpc2Fibz1UcnVlwqdzJHBhZ2luZz1UcnVlwqdzJG9uZ2xldD3Cp3MkZnJlZXNjb3BlPUZhbHNlwqdzJHdvSVM9RmFsc2XCp3Mkd29TUENIPUZhbHNlwqdzJGZsb3dNb2RlPUZhbHNlwqdzJGJxPcKncyRzZWFyY2hMYWJlbD3Cp3Mkc2VhcmNoQ2xhc3M9&id=ENCY%2FPCIV%2FRUB000109%2F2020-11%2FPLAN%2F0062;200;276553
2023-09-16T11:22:15+02:00;2023-09-16;5b62e0adb3ae542a6837cfb923c3c83b8159a566;ebscohost;EBSCO Discovery Service;EBSCO Publishing;TOC;HTML;;;;;;;;eds.p.ebscohost.com;N;61723be676ea10cd653797e819f4f9d02559cd3a;3.9.2;2023-09-25;1df4e1f;2023-07-26;70ae7649;2023-09-22;filter, parser, deduplicator, istex, crossref, sudoc, hal, enhancer, geolocalizer, cut, on-campus-counter, qualifier, anonymizer;;;;FR;43.2832;5.3718;f2f1cd2d05856177ee86cbfeade038e3e39686e3;;https://eds.p.ebscohost.com:443/eds/results?vid=0&sid=a2f2992b-da3b-4f8d-8b45-1ac2460d6af5%40redis&bquery=gr%25c3%25a8ce%2Bantique&bdata=Jmxhbmc9ZnImdHlwZT0wJnNlYXJjaE1vZGU9QW5kJnNpdGU9ZWRzLWxpdmU%3d;200;245870
2023-09-16T11:22:36+02:00;2023-09-16;5b62e0adb3ae542a6837cfb923c3c83b8159a566;ebscohost;EBSCO Discovery Service;EBSCO Publishing;TOC;HTML;;;;;;;;eds.p.ebscohost.com;N;916fe115e44d88f42c470d803cf931e37d270059;3.9.2;2023-09-25;1df4e1f;2023-07-26;70ae7649;2023-09-22;filter, parser, deduplicator, istex, crossref, sudoc, hal, enhancer, geolocalizer, cut, on-campus-counter, qualifier, anonymizer;;;;FR;43.2832;5.3718;f2f1cd2d05856177ee86cbfeade038e3e39686e3;;https://eds.p.ebscohost.com:443/eds/results?vid=1&sid=a2f2992b-da3b-4f8d-8b45-1ac2460d6af5%40redis&bquery=gr%c3%a8ce+antique+tyrannie+%c3%a0+la+d%c3%a9mocratie&bdata=Jmxhbmc9ZnImdHlwZT0wJnNlYXJjaE1vZGU9QW5kJnNpdGU9ZWRzLWxpdmU%3d;200;224662
2023-09-16T11:23:00+02:00;2023-09-16;5b62e0adb3ae542a6837cfb923c3c83b8159a566;ebscohost;EBSCO Discovery Service;EBSCO Publishing;TOC;HTML;;;;;;;;eds.p.ebscohost.com;N;d5713b5b0991e6b80ce139c05dbdc6e95de2455f;3.9.2;2023-09-25;1df4e1f;2023-07-26;70ae7649;2023-09-22;filter, parser, deduplicator, istex, crossref, sudoc, hal, enhancer, geolocalizer, cut, on-campus-counter, qualifier, anonymizer;;;;FR;43.2832;5.3718;f2f1cd2d05856177ee86cbfeade038e3e39686e3;;https://eds.p.ebscohost.com:443/eds/results?vid=2&sid=a2f2992b-da3b-4f8d-8b45-1ac2460d6af5%40redis&bquery=gr%c3%a8ce+antique+d%c3%a9mocratie&bdata=Jmxhbmc9ZnImdHlwZT0wJnNlYXJjaE1vZGU9QW5kJnNpdGU9ZWRzLWxpdmU%3d;200;240123
2023-09-16T11:23:22+02:00;2023-09-16;5b62e0adb3ae542a6837cfb923c3c83b8159a566;ebscohost;EBSCO Discovery Service;EBSCO Publishing;TOC;HTML;;;;;;;;eds.p.ebscohost.com;N;4deaced30c2497e712e6c56a3606f236c99b9b62;3.9.2;2023-09-25;1df4e1f;2023-07-26;70ae7649;2023-09-22;filter, parser, deduplicator, istex, crossref, sudoc, hal, enhancer, geolocalizer, cut, on-campus-counter, qualifier, anonymizer;;;;FR;43.2832;5.3718;f2f1cd2d05856177ee86cbfeade038e3e39686e3;;https://eds.p.ebscohost.com:443/eds/results?vid=3&sid=a2f2992b-da3b-4f8d-8b45-1ac2460d6af5%40redis&bquery=Le+Droit+grec+antique&bdata=Jmxhbmc9ZnImdHlwZT0wJnNlYXJjaE1vZGU9QW5kJnNpdGU9ZWRzLWxpdmU%3d;200;245411
2023-09-16T11:23:28+02:00;2023-09-16;30c94a9350047770cf010dcc1f941a8d3b976c94;dalloz;Dalloz;Dalloz;;HTML;;;;;;;ENCY/PCIV/RUB000032/2018-04/PLAN/0099;www.dalloz.fr;N;7497a6f8a3ff5176e2a5c19b7610410e63cb78da;3.9.2;2023-09-25;1df4e1f;2023-07-26;70ae7649;2023-09-22;filter, parser, deduplicator, istex, crossref, sudoc, hal, enhancer, geolocalizer, cut, on-campus-counter, qualifier, anonymizer;;;;FR;50.6756;1.5723;694bc5609cd454075520277823e60c83eb55afbe;;https://www.dalloz.fr:443/documentation/Document?ctxt=0_YSR0MD3CqyBRdeKAmWVzdCBkZXZlbnVlIGxhIHBlbnPDqWUgZGUgSGVucmkgTW90dWxza3kgPyDCuywgUHJvY8OpZHVyZXMsIG7CsDMsIDIwMTLCp3gkc2Y9c2ltcGxlLXNlYXJjaA%3D%3D&ctxtl=0_cyRwYWdlTnVtPTHCp3MkdHJpZGF0ZT1GYWxzZcKncyRzb3J0PSNkZWZhdWx0X0Rlc2PCp3Mkc2xOYlBhZz0yMMKncyRpc2Fibz1UcnVlwqdzJHBhZ2luZz1UcnVlwqdzJG9uZ2xldD3Cp3MkZnJlZXNjb3BlPUZhbHNlwqdzJHdvSVM9RmFsc2XCp3Mkd29TUENIPUZhbHNlwqdzJGZsb3dNb2RlPUZhbHNlwqdzJGJxPcKncyRzZWFyY2hMYWJlbD3Cp3Mkc2VhcmNoQ2xhc3M9&id=ENCY%2FPCIV%2FRUB000032%2F2018-04%2FPLAN%2F0099;200;281284
2023-09-16T11:23:49+02:00;2023-09-16;30c94a9350047770cf010dcc1f941a8d3b976c94;dalloz;Dalloz;Dalloz;;HTML;;;;;;;RECUEIL/CHRON/2015/0698;www.dalloz.fr;N;77699957af9eab509c3981ab02ac917b97e4ce58;3.9.2;2023-09-25;1df4e1f;2023-07-26;70ae7649;2023-09-22;filter, parser, deduplicator, istex, crossref, sudoc, hal, enhancer, geolocalizer, cut, on-campus-counter, qualifier, anonymizer;;;;FR;50.6756;1.5723;694bc5609cd454075520277823e60c83eb55afbe;;https://www.dalloz.fr:443/documentation/Document?id=RECUEIL%2FCHRON%2F2015%2F0698&FromId=PCIV_RUB000032_DOC_1;200;320844
2023-09-16T11:23:59+02:00;2023-09-16;5b62e0adb3ae542a6837cfb923c3c83b8159a566;ebscohost;EBSCO Discovery Service;EBSCO Publishing;RECORD_VIEW;HTML;;;;;;;;eds.p.ebscohost.com;N;28f8e54622108ca305f7f270cd708d6820a6b950;3.9.2;2023-09-25;1df4e1f;2023-07-26;70ae7649;2023-09-22;filter, parser, deduplicator, istex, crossref, sudoc, hal, enhancer, geolocalizer, cut, on-campus-counter, qualifier, anonymizer;;;;FR;43.2832;5.3718;f2f1cd2d05856177ee86cbfeade038e3e39686e3;;https://eds.p.ebscohost.com:443/eds/detail/detail?vid=4&sid=a2f2992b-da3b-4f8d-8b45-1ac2460d6af5%40redis&bdata=Jmxhbmc9ZnImc2l0ZT1lZHMtbGl2ZQ%3d%3d;200;65915
2023-09-16T11:24:19+02:00;2023-09-16;5b62e0adb3ae542a6837cfb923c3c83b8159a566;persee;Persée;Persée;ARTICLE;MISC;0000-0001;;ephe;;Annuaires de l'École pratique des hautes études;;ephe_0000-0001_1999_num_15_1_10636;www.persee.fr;N;56e5a8224e270120e0e420da2e150b5b2a1d1f3b;3.9.2;2023-09-25;1df4e1f;2023-07-26;70ae7649;2023-09-22;filter, parser, deduplicator, istex, crossref, sudoc, hal, enhancer, geolocalizer, cut, on-campus-counter, qualifier, anonymizer;;;;FR;43.2832;5.3718;f2f1cd2d05856177ee86cbfeade038e3e39686e3;;https://www.persee.fr:443/doc/ephe_0000-0001_1999_num_15_1_10636;200;65680
2023-09-16T11:25:47+02:00;2023-09-16;6d9a3195204224cc4c419ef72618fe5cff2fd9b2;europresse;Europresse;CEDROM-SNi;ARTICLE;PDF;;;;;;;pdf·20230916·NIC_P·1;nouveau.europresse.com;N;e556c03f83e5168388451ce275b415472c86c678;3.9.2;2023-09-25;1df4e1f;2023-07-26;70ae7649;2023-09-22;filter, parser, deduplicator, istex, crossref, sudoc, hal, enhancer, geolocalizer, cut, on-campus-counter, qualifier, anonymizer;;;;FR;42.7028;9.45;9884fc677bb87c6fc90968db318c3dd5576eb4a4;;https://nouveau.europresse.com:443/Pdf/ImageList?docName=pdf%C2%B720230916%C2%B7NIC_P%C2%B71;200;1243
2023-09-16T11:25:52+02:00;2023-09-16;05e601fc24013fac16bf93aa02d437359e42b341;europresse;Europresse;CEDROM-SNi;ARTICLE;PDF;;;;;;;pdf·20230916·NIC_P·1;nouveau.europresse.com;N;6c44347c0e918e203aed105de01faecf2e63c8ac;3.9.2;2023-09-25;1df4e1f;2023-07-26;70ae7649;2023-09-22;filter, parser, deduplicator, istex, crossref, sudoc, hal, enhancer, geolocalizer, cut, on-campus-counter, qualifier, anonymizer;;;;FR;49.233;5.9655;46076b6214ee4cb2508de6164883eb9be3244ff5;;https://nouveau.europresse.com:443/Pdf/ImageList?docName=pdf%C2%B720230916%C2%B7NIC_P%C2%B71;200;1243
2023-09-16T11:25:54+02:00;2023-09-16;6d9a3195204224cc4c419ef72618fe5cff2fd9b2;europresse;Europresse;CEDROM-SNi;ARTICLE;PDF;;;;;;;pdf·20230916·NIC_P·7;nouveau.europresse.com;N;ea3b52a6c42d8379490556cda483e8e0b7e0fa3e;3.9.2;2023-09-25;1df4e1f;2023-07-26;70ae7649;2023-09-22;filter, parser, deduplicator, istex, crossref, sudoc, hal, enhancer, geolocalizer, cut, on-campus-counter, qualifier, anonymizer;;;;FR;42.7028;9.45;9884fc677bb87c6fc90968db318c3dd5576eb4a4;;https://nouveau.europresse.com:443/Pdf/ImageList?docName=pdf%C2%B720230916%C2%B7NIC_P%C2%B77;200;1243
2023-09-16T11:26:03+02:00;2023-09-16;6d9a3195204224cc4c419ef72618fe5cff2fd9b2;europresse;Europresse;CEDROM-SNi;ARTICLE;PDF;;;;;;;pdf·20230916·NIC_P·8;nouveau.europresse.com;N;a7f3e31515bd9474abeb84b856612c796ce87df9;3.9.2;2023-09-25;1df4e1f;2023-07-26;70ae7649;2023-09-22;filter, parser, deduplicator, istex, crossref, sudoc, hal, enhancer, geolocalizer, cut, on-campus-counter, qualifier, anonymizer;;;;FR;42.7028;9.45;9884fc677bb87c6fc90968db318c3dd5576eb4a4;;https://nouveau.europresse.com:443/Pdf/ImageList?docName=pdf%C2%B720230916%C2%B7NIC_P%C2%B78;200;1243
2023-09-16T11:26:10+02:00;2023-09-16;6d9a3195204224cc4c419ef72618fe5cff2fd9b2;europresse;Europresse;CEDROM-SNi;ARTICLE;PDF;;;;;;;pdf·20230916·NIC_P·9;nouveau.europresse.com;N;1b907d14c28f9050f8010cc28e3f41c49563058b;3.9.2;2023-09-25;1df4e1f;2023-07-26;70ae7649;2023-09-22;filter, parser, deduplicator, istex, crossref, sudoc, hal, enhancer, geolocalizer, cut, on-campus-counter, qualifier, anonymizer;;;;FR;42.7028;9.45;9884fc677bb87c6fc90968db318c3dd5576eb4a4;;https://nouveau.europresse.com:443/Pdf/ImageList?docName=pdf%C2%B720230916%C2%B7NIC_P%C2%B79;200;1243
2023-09-16T11:26:18+02:00;2023-09-16;6d9a3195204224cc4c419ef72618fe5cff2fd9b2;europresse;Europresse;CEDROM-SNi;ARTICLE;PDF;;;;;;;pdf·20230916·NIC_P·10;nouveau.europresse.com;N;6630a57d962cd0a8580456e976058a3e652c3acc;3.9.2;2023-09-25;1df4e1f;2023-07-26;70ae7649;2023-09-22;filter, parser, deduplicator, istex, crossref, sudoc, hal, enhancer, geolocalizer, cut, on-campus-counter, qualifier, anonymizer;;;;FR;42.7028;9.45;9884fc677bb87c6fc90968db318c3dd5576eb4a4;;https://nouveau.europresse.com:443/Pdf/ImageList?docName=pdf%C2%B720230916%C2%B7NIC_P%C2%B710;200;1243
2023-09-16T11:26:25+02:00;2023-09-16;6d9a3195204224cc4c419ef72618fe5cff2fd9b2;europresse;Europresse;CEDROM-SNi;ARTICLE;PDF;;;;;;;pdf·20230916·NIC_P·11;nouveau.europresse.com;N;7d4a32de1c0a7af825e3e2d74f05b1951ad615f2;3.9.2;2023-09-25;1df4e1f;2023-07-26;70ae7649;2023-09-22;filter, parser, deduplicator, istex, crossref, sudoc, hal, enhancer, geolocalizer, cut, on-campus-counter, qualifier, anonymizer;;;;FR;42.7028;9.45;9884fc677bb87c6fc90968db318c3dd5576eb4a4;;https://nouveau.europresse.com:443/Pdf/ImageList?docName=pdf%C2%B720230916%C2%B7NIC_P%C2%B711;200;1243
2023-09-16T11:26:31+02:00;2023-09-16;05e601fc24013fac16bf93aa02d437359e42b341;europresse;Europresse;CEDROM-SNi;ARTICLE;PDF;;;;;;;pdf·20230916·NIC_P·13;nouveau.europresse.com;N;121c7ce5c45bbe5dc7eb5685fc1d60420587363f;3.9.2;2023-09-25;1df4e1f;2023-07-26;70ae7649;2023-09-22;filter, parser, deduplicator, istex, crossref, sudoc, hal, enhancer, geolocalizer, cut, on-campus-counter, qualifier, anonymizer;;;;FR;49.233;5.9655;46076b6214ee4cb2508de6164883eb9be3244ff5;;https://nouveau.europresse.com:443/Pdf/ImageList?docName=pdf%C2%B720230916%C2%B7NIC_P%C2%B713;200;1243
2023-09-16T11:26:33+02:00;2023-09-16;6d9a3195204224cc4c419ef72618fe5cff2fd9b2;europresse;Europresse;CEDROM-SNi;ARTICLE;PDF;;;;;;;pdf·20230916·NIC_P·12;nouveau.europresse.com;N;df55fef0b645e45956d9626b3541441b11a1b867;3.9.2;2023-09-25;1df4e1f;2023-07-26;70ae7649;2023-09-22;filter, parser, deduplicator, istex, crossref, sudoc, hal, enhancer, geolocalizer, cut, on-campus-counter, qualifier, anonymizer;;;;FR;42.7028;9.45;9884fc677bb87c6fc90968db318c3dd5576eb4a4;;https://nouveau.europresse.com:443/Pdf/ImageList?docName=pdf%C2%B720230916%C2%B7NIC_P%C2%B712;200;1243
2023-09-16T11:26:38+02:00;2023-09-16;6d9a3195204224cc4c419ef72618fe5cff2fd9b2;europresse;Europresse;CEDROM-SNi;ARTICLE;PDF;;;;;;;pdf·20230916·NIC_P·13;nouveau.europresse.com;N;a9d805f14c73ba162a285dccf2d39449971d0384;3.9.2;2023-09-25;1df4e1f;2023-07-26;70ae7649;2023-09-22;filter, parser, deduplicator, istex, crossref, sudoc, hal, enhancer, geolocalizer, cut, on-campus-counter, qualifier, anonymizer;;;;FR;42.7028;9.45;9884fc677bb87c6fc90968db318c3dd5576eb4a4;;https://nouveau.europresse.com:443/Pdf/ImageList?docName=pdf%C2%B720230916%C2%B7NIC_P%C2%B713;200;1243
2023-09-16T11:26:45+02:00;2023-09-16;6d9a3195204224cc4c419ef72618fe5cff2fd9b2;europresse;Europresse;CEDROM-SNi;ARTICLE;PDF;;;;;;;pdf·20230916·NIC_P·14;nouveau.europresse.com;N;bef16826fffc1e06d3873882729f580ee908b4c1;3.9.2;2023-09-25;1df4e1f;2023-07-26;70ae7649;2023-09-22;filter, parser, deduplicator, istex, crossref, sudoc, hal, enhancer, geolocalizer, cut, on-campus-counter, qualifier, anonymizer;;;;FR;42.7028;9.45;9884fc677bb87c6fc90968db318c3dd5576eb4a4;;https://nouveau.europresse.com:443/Pdf/ImageList?docName=pdf%C2%B720230916%C2%B7NIC_P%C2%B714;200;1243
2023-09-16T11:26:51+02:00;2023-09-16;6d9a3195204224cc4c419ef72618fe5cff2fd9b2;europresse;Europresse;CEDROM-SNi;ARTICLE;PDF;;;;;;;pdf·20230916·NIC_P·15;nouveau.europresse.com;N;4a6d854373fec2d68ac05cb37603a6f1eb342cc4;3.9.2;2023-09-25;1df4e1f;2023-07-26;70ae7649;2023-09-22;filter, parser, deduplicator, istex, crossref, sudoc, hal, enhancer, geolocalizer, cut, on-campus-counter, qualifier, anonymizer;;;;FR;42.7028;9.45;9884fc677bb87c6fc90968db318c3dd5576eb4a4;;https://nouveau.europresse.com:443/Pdf/ImageList?docName=pdf%C2%B720230916%C2%B7NIC_P%C2%B715;200;1243
2023-09-16T11:26:57+02:00;2023-09-16;6d9a3195204224cc4c419ef72618fe5cff2fd9b2;europresse;Europresse;CEDROM-SNi;ARTICLE;PDF;;;;;;;pdf·20230916·NIC_P·16;nouveau.europresse.com;N;c89f69662b10e67de7e9e7f2ab9c4f5a445dff51;3.9.2;2023-09-25;1df4e1f;2023-07-26;70ae7649;2023-09-22;filter, parser, deduplicator, istex, crossref, sudoc, hal, enhancer, geolocalizer, cut, on-campus-counter, qualifier, anonymizer;;;;FR;42.7028;9.45;9884fc677bb87c6fc90968db318c3dd5576eb4a4;;https://nouveau.europresse.com:443/Pdf/ImageList?docName=pdf%C2%B720230916%C2%B7NIC_P%C2%B716;200;1243
2023-09-16T11:27:02+02:00;2023-09-16;6d9a3195204224cc4c419ef72618fe5cff2fd9b2;europresse;Europresse;CEDROM-SNi;ARTICLE;PDF;;;;;;;pdf·20230916·NIC_P·17;nouveau.europresse.com;N;61d7134bc45b7682d59107a166e8075845dbb8b3;3.9.2;2023-09-25;1df4e1f;2023-07-26;70ae7649;2023-09-22;filter, parser, deduplicator, istex, crossref, sudoc, hal, enhancer, geolocalizer, cut, on-campus-counter, qualifier, anonymizer;;;;FR;42.7028;9.45;9884fc677bb87c6fc90968db318c3dd5576eb4a4;;https://nouveau.europresse.com:443/Pdf/ImageList?docName=pdf%C2%B720230916%C2%B7NIC_P%C2%B717;200;1243
2023-09-16T11:27:09+02:00;2023-09-16;6d9a3195204224cc4c419ef72618fe5cff2fd9b2;europresse;Europresse;CEDROM-SNi;ARTICLE;PDF;;;;;;;pdf·20230916·NIC_P·18;nouveau.europresse.com;N;330fb3f97feeb4f362ac15fd4d93a1969e7e7d6a;3.9.2;2023-09-25;1df4e1f;2023-07-26;70ae7649;2023-09-22;filter, parser, deduplicator, istex, crossref, sudoc, hal, enhancer, geolocalizer, cut, on-campus-counter, qualifier, anonymizer;;;;FR;42.7028;9.45;9884fc677bb87c6fc90968db318c3dd5576eb4a4;;https://nouveau.europresse.com:443/Pdf/ImageList?docName=pdf%C2%B720230916%C2%B7NIC_P%C2%B718;200;1243
2023-09-16T11:27:16+02:00;2023-09-16;6d9a3195204224cc4c419ef72618fe5cff2fd9b2;europresse;Europresse;CEDROM-SNi;ARTICLE;PDF;;;;;;;pdf·20230916·NIC_P·19;nouveau.europresse.com;N;e09777d2ddddfac1f54e228cc7d74aa39a3671dd;3.9.2;2023-09-25;1df4e1f;2023-07-26;70ae7649;2023-09-22;filter, parser, deduplicator, istex, crossref, sudoc, hal, enhancer, geolocalizer, cut, on-campus-counter, qualifier, anonymizer;;;;FR;42.7028;9.45;9884fc677bb87c6fc90968db318c3dd5576eb4a4;;https://nouveau.europresse.com:443/Pdf/ImageList?docName=pdf%C2%B720230916%C2%B7NIC_P%C2%B719;200;1241
2023-09-16T11:27:23+02:00;2023-09-16;6d9a3195204224cc4c419ef72618fe5cff2fd9b2;europresse;Europresse;CEDROM-SNi;ARTICLE;PDF;;;;;;;pdf·20230916·NIC_P·2;nouveau.europresse.com;N;96e5cd5856b9f3e6d7c5cad29367a8f16871ac6f;3.9.2;2023-09-25;1df4e1f;2023-07-26;70ae7649;2023-09-22;filter, parser, deduplicator, istex, crossref, sudoc, hal, enhancer, geolocalizer, cut, on-campus-counter, qualifier, anonymizer;;;;FR;42.7028;9.45;9884fc677bb87c6fc90968db318c3dd5576eb4a4;;https://nouveau.europresse.com:443/Pdf/ImageList?docName=pdf%C2%B720230916%C2%B7NIC_P%C2%B72;200;1243
2023-09-16T11:27:46+02:00;2023-09-16;6d9a3195204224cc4c419ef72618fe5cff2fd9b2;europresse;Europresse;CEDROM-SNi;ARTICLE;PDF;;;;;;;pdf·20230916·NIC_P·5;nouveau.europresse.com;N;3313e80784a6133735b9e63e668d22fbed52fa13;3.9.2;2023-09-25;1df4e1f;2023-07-26;70ae7649;2023-09-22;filter, parser, deduplicator, istex, crossref, sudoc, hal, enhancer, geolocalizer, cut, on-campus-counter, qualifier, anonymizer;;;;FR;42.7028;9.45;9884fc677bb87c6fc90968db318c3dd5576eb4a4;;https://nouveau.europresse.com:443/Pdf/ImageList?docName=pdf%C2%B720230916%C2%B7NIC_P%C2%B75;200;1243
2023-09-16T11:27:52+02:00;2023-09-16;6d9a3195204224cc4c419ef72618fe5cff2fd9b2;europresse;Europresse;CEDROM-SNi;ARTICLE;PDF;;;;;;;pdf·20230916·NIC_P·4;nouveau.europresse.com;N;99310c301907c76923249a576a650b8be7c87721;3.9.2;2023-09-25;1df4e1f;2023-07-26;70ae7649;2023-09-22;filter, parser, deduplicator, istex, crossref, sudoc, hal, enhancer, geolocalizer, cut, on-campus-counter, qualifier, anonymizer;;;;FR;42.7028;9.45;9884fc677bb87c6fc90968db318c3dd5576eb4a4;;https://nouveau.europresse.com:443/Pdf/ImageList?docName=pdf%C2%B720230916%C2%B7NIC_P%C2%B74;200;1243
2023-09-16T11:28:58+02:00;2023-09-16;6d9a3195204224cc4c419ef72618fe5cff2fd9b2;europresse;Europresse;CEDROM-SNi;ARTICLE;PDF;;;;;;;pdf·20230916·NIC_P·3;nouveau.europresse.com;N;df02f43337a043bc7128bd47cf252a342d3a2bbb;3.9.2;2023-09-25;1df4e1f;2023-07-26;70ae7649;2023-09-22;filter, parser, deduplicator, istex, crossref, sudoc, hal, enhancer, geolocalizer, cut, on-campus-counter, qualifier, anonymizer;;;;FR;42.7028;9.45;9884fc677bb87c6fc90968db318c3dd5576eb4a4;;https://nouveau.europresse.com:443/Pdf/ImageList?docName=pdf%C2%B720230916%C2%B7NIC_P%C2%B73;200;1243
2023-09-16T11:29:08+02:00;2023-09-16;6d9a3195204224cc4c419ef72618fe5cff2fd9b2;europresse;Europresse;CEDROM-SNi;ARTICLE;PDF;;;;;;;pdf·20230916·NIC_P·4;nouveau.europresse.com;N;5ed37a2aafb37eaaae1bf1490dda430b5184220f;3.9.2;2023-09-25;1df4e1f;2023-07-26;70ae7649;2023-09-22;filter, parser, deduplicator, istex, crossref, sudoc, hal, enhancer, geolocalizer, cut, on-campus-counter, qualifier, anonymizer;;;;FR;42.7028;9.45;9884fc677bb87c6fc90968db318c3dd5576eb4a4;;https://nouveau.europresse.com:443/Pdf/ImageList?docName=pdf%C2%B720230916%C2%B7NIC_P%C2%B74;200;1243
2023-09-16T11:29:40+02:00;2023-09-16;6d9a3195204224cc4c419ef72618fe5cff2fd9b2;europresse;Europresse;CEDROM-SNi;ARTICLE;PDF;;;;;;;pdf·20230916·NIC_P·3;nouveau.europresse.com;N;dc127a394931209215c33db6f00775b2421d4346;3.9.2;2023-09-25;1df4e1f;2023-07-26;70ae7649;2023-09-22;filter, parser, deduplicator, istex, crossref, sudoc, hal, enhancer, geolocalizer, cut, on-campus-counter, qualifier, anonymizer;;;;FR;42.7028;9.45;9884fc677bb87c6fc90968db318c3dd5576eb4a4;;https://nouveau.europresse.com:443/Pdf/ImageList?docName=pdf%C2%B720230916%C2%B7NIC_P%C2%B73;200;1243
2023-09-16T11:29:51+02:00;2023-09-16;6d9a3195204224cc4c419ef72618fe5cff2fd9b2;europresse;Europresse;CEDROM-SNi;ARTICLE;PDF;;;;;;;pdf·20230916·NIC_P·2;nouveau.europresse.com;N;e082dad82f46ac08a42b38b2218baaac73adfb24;3.9.2;2023-09-25;1df4e1f;2023-07-26;70ae7649;2023-09-22;filter, parser, deduplicator, istex, crossref, sudoc, hal, enhancer, geolocalizer, cut, on-campus-counter, qualifier, anonymizer;;;;FR;42.7028;9.45;9884fc677bb87c6fc90968db318c3dd5576eb4a4;;https://nouveau.europresse.com:443/Pdf/ImageList?docName=pdf%C2%B720230916%C2%B7NIC_P%C2%B72;200;1243
2023-09-16T11:29:54+02:00;2023-09-16;5b62e0adb3ae542a6837cfb923c3c83b8159a566;ebscohost;EBSCO Discovery Service;EBSCO Publishing;TOC;HTML;;;;;;;;eds.p.ebscohost.com;N;9ad4b8b3637380ee8fbc346f21345aa7400f830f;3.9.2;2023-09-25;1df4e1f;2023-07-26;70ae7649;2023-09-22;filter, parser, deduplicator, istex, crossref, sudoc, hal, enhancer, geolocalizer, cut, on-campus-counter, qualifier, anonymizer;;;;FR;43.2832;5.3718;f2f1cd2d05856177ee86cbfeade038e3e39686e3;;https://eds.p.ebscohost.com:443/eds/results?vid=5&sid=a2f2992b-da3b-4f8d-8b45-1ac2460d6af5%40redis&bquery=Le+Droit+grec+antique&bdata=Jmxhbmc9ZnImdHlwZT0wJnNlYXJjaE1vZGU9QW5kJnNpdGU9ZWRzLWxpdmU%3d;200;245307
2023-09-16T11:30:03+02:00;2023-09-16;30c94a9350047770cf010dcc1f941a8d3b976c94;dalloz;Dalloz;Dalloz;;HTML;;;;;;;CASS_LIEUVIDE_2015-05-13_1413801;www.dalloz.fr;N;6449545a3a4c8ba4b554ff2b3e60cbd362c0d21e;3.9.2;2023-09-25;1df4e1f;2023-07-26;70ae7649;2023-09-22;filter, parser, deduplicator, istex, crossref, sudoc, hal, enhancer, geolocalizer, cut, on-campus-counter, qualifier, anonymizer;;;;FR;50.6756;1.5723;694bc5609cd454075520277823e60c83eb55afbe;;https://www.dalloz.fr:443/documentation/Document?id=CASS_LIEUVIDE_2015-05-13_1413801&FromId=PCIV_RUB000032_DOC_1;200;269147
2023-09-16T11:30:07+02:00;2023-09-16;6d9a3195204224cc4c419ef72618fe5cff2fd9b2;europresse;Europresse;CEDROM-SNi;ARTICLE;PDF;;;;;;;pdf·20230916·NIC_P·1;nouveau.europresse.com;N;ee91c47521a3a817ad788029b710a4e30284fb13;3.9.2;2023-09-25;1df4e1f;2023-07-26;70ae7649;2023-09-22;filter, parser, deduplicator, istex, crossref, sudoc, hal, enhancer, geolocalizer, cut, on-campus-counter, qualifier, anonymizer;;;;FR;42.7028;9.45;9884fc677bb87c6fc90968db318c3dd5576eb4a4;;https://nouveau.europresse.com:443/Pdf/ImageList?docName=pdf%C2%B720230916%C2%B7NIC_P%C2%B71;200;1243
2023-09-16T11:30:18+02:00;2023-09-16;30c94a9350047770cf010dcc1f941a8d3b976c94;dalloz;Dalloz;Dalloz;;HTML;;;;;;;RECUEIL/CHRON/2015/0698;www.dalloz.fr;N;53aeacca0a70b62ec630e1871faaf401dd7e4208;3.9.2;2023-09-25;1df4e1f;2023-07-26;70ae7649;2023-09-22;filter, parser, deduplicator, istex, crossref, sudoc, hal, enhancer, geolocalizer, cut, on-campus-counter, qualifier, anonymizer;;;;FR;50.6756;1.5723;694bc5609cd454075520277823e60c83eb55afbe;;https://www.dalloz.fr:443/documentation/Document?id=RECUEIL%2FCHRON%2F2015%2F0698;200;319806
2023-09-16T11:30:22+02:00;2023-09-16;6d9a3195204224cc4c419ef72618fe5cff2fd9b2;europresse;Europresse;CEDROM-SNi;ARTICLE;PDF;;;;;;;pdf·20230916·NIC_P·2;nouveau.europresse.com;N;5946e7ee7fd0148a548f071b08213483c2c26ee0;3.9.2;2023-09-25;1df4e1f;2023-07-26;70ae7649;2023-09-22;filter, parser, deduplicator, istex, crossref, sudoc, hal, enhancer, geolocalizer, cut, on-campus-counter, qualifier, anonymizer;;;;FR;42.7028;9.45;9884fc677bb87c6fc90968db318c3dd5576eb4a4;;https://nouveau.europresse.com:443/Pdf/ImageList?docName=pdf%C2%B720230916%C2%B7NIC_P%C2%B72;200;1243
2023-09-16T11:30:35+02:00;2023-09-16;6d9a3195204224cc4c419ef72618fe5cff2fd9b2;europresse;Europresse;CEDROM-SNi;ARTICLE;PDF;;;;;;;pdf·20230916·NIC_P·3;nouveau.europresse.com;N;4b344af5f66d2eef523152c69c727d93ebff2dd5;3.9.2;2023-09-25;1df4e1f;2023-07-26;70ae7649;2023-09-22;filter, parser, deduplicator, istex, crossref, sudoc, hal, enhancer, geolocalizer, cut, on-campus-counter, qualifier, anonymizer;;;;FR;42.7028;9.45;9884fc677bb87c6fc90968db318c3dd5576eb4a4;;https://nouveau.europresse.com:443/Pdf/ImageList?docName=pdf%C2%B720230916%C2%B7NIC_P%C2%B73;200;1243
2023-09-16T11:30:35+02:00;2023-09-16;05e601fc24013fac16bf93aa02d437359e42b341;europresse;Europresse;CEDROM-SNi;ARTICLE;PDF;;;;;;;pdf·20230916·NIC_P·14;nouveau.europresse.com;N;77e440551b8af9750342e277c085bd9ef5b68097;3.9.2;2023-09-25;1df4e1f;2023-07-26;70ae7649;2023-09-22;filter, parser, deduplicator, istex, crossref, sudoc, hal, enhancer, geolocalizer, cut, on-campus-counter, qualifier, anonymizer;;;;FR;49.233;5.9655;46076b6214ee4cb2508de6164883eb9be3244ff5;;https://nouveau.europresse.com:443/Pdf/ImageList?docName=pdf%C2%B720230916%C2%B7NIC_P%C2%B714;200;1243
2023-09-16T11:30:45+02:00;2023-09-16;6d9a3195204224cc4c419ef72618fe5cff2fd9b2;europresse;Europresse;CEDROM-SNi;ARTICLE;PDF;;;;;;;pdf·20230916·NIC_P·4;nouveau.europresse.com;N;d3f8daa1e741764b268966590baf982d41af27bb;3.9.2;2023-09-25;1df4e1f;2023-07-26;70ae7649;2023-09-22;filter, parser, deduplicator, istex, crossref, sudoc, hal, enhancer, geolocalizer, cut, on-campus-counter, qualifier, anonymizer;;;;FR;42.7028;9.45;9884fc677bb87c6fc90968db318c3dd5576eb4a4;;https://nouveau.europresse.com:443/Pdf/ImageList?docName=pdf%C2%B720230916%C2%B7NIC_P%C2%B74;200;1243
2023-09-16T11:32:59+02:00;2023-09-16;30c94a9350047770cf010dcc1f941a8d3b976c94;dalloz;Dalloz;Dalloz;;HTML;;;;;;;RECUEIL/CHRON/2018/0756;www.dalloz.fr;N;f851e668537005958285dcd95036ba198c4ba7b9;3.9.2;2023-09-25;1df4e1f;2023-07-26;70ae7649;2023-09-22;filter, parser, deduplicator, istex, crossref, sudoc, hal, enhancer, geolocalizer, cut, on-campus-counter, qualifier, anonymizer;;;;FR;50.6756;1.5723;694bc5609cd454075520277823e60c83eb55afbe;;https://www.dalloz.fr:443/documentation/Document?ctxt=0_YSR0MD1Db3Jpbm5lIEJsw6lyeSBMb8OvcyBSYXNjaGVswqd4JHNmPXNpbXBsZS1zZWFyY2g%3D&ctxtl=0_cyRwYWdlTnVtPTHCp3MkdHJpZGF0ZT1GYWxzZcKncyRzb3J0PSNkZWZhdWx0X0Rlc2PCp3Mkc2xOYlBhZz0yMMKncyRpc2Fibz1UcnVlwqdzJHBhZ2luZz1UcnVlwqdzJG9uZ2xldD3Cp3MkZnJlZXNjb3BlPUZhbHNlwqdzJHdvSVM9RmFsc2XCp3Mkd29TUENIPUZhbHNlwqdzJGZsb3dNb2RlPUZhbHNlwqdzJGJxPcKncyRzZWFyY2hMYWJlbD3Cp3Mkc2VhcmNoQ2xhc3M9&id=RECUEIL%2FCHRON%2F2018%2F0756;200;315875
2023-09-16T11:33:12+02:00;2023-09-16;05e601fc24013fac16bf93aa02d437359e42b341;europresse;Europresse;CEDROM-SNi;ARTICLE;PDF;;;;;;;pdf·20230916·NIC_P·15;nouveau.europresse.com;N;f0398d5678ba93f4d36c40285d21539553454cfe;3.9.2;2023-09-25;1df4e1f;2023-07-26;70ae7649;2023-09-22;filter, parser, deduplicator, istex, crossref, sudoc, hal, enhancer, geolocalizer, cut, on-campus-counter, qualifier, anonymizer;;;;FR;49.233;5.9655;46076b6214ee4cb2508de6164883eb9be3244ff5;;https://nouveau.europresse.com:443/Pdf/ImageList?docName=pdf%C2%B720230916%C2%B7NIC_P%C2%B715;200;1243
2023-09-16T11:33:51+02:00;2023-09-16;05e601fc24013fac16bf93aa02d437359e42b341;europresse;Europresse;CEDROM-SNi;ARTICLE;PDF;;;;;;;pdf·20230916·NIC_P·16;nouveau.europresse.com;N;c660e41640a874732dfc0787d841b5b64ad4fd24;3.9.2;2023-09-25;1df4e1f;2023-07-26;70ae7649;2023-09-22;filter, parser, deduplicator, istex, crossref, sudoc, hal, enhancer, geolocalizer, cut, on-campus-counter, qualifier, anonymizer;;;;FR;49.233;5.9655;46076b6214ee4cb2508de6164883eb9be3244ff5;;https://nouveau.europresse.com:443/Pdf/ImageList?docName=pdf%C2%B720230916%C2%B7NIC_P%C2%B716;200;1243
2023-09-16T11:34:38+02:00;2023-09-16;05e601fc24013fac16bf93aa02d437359e42b341;europresse;Europresse;CEDROM-SNi;ARTICLE;PDF;;;;;;;pdf·20230916·NIC_P·15;nouveau.europresse.com;N;5a25291daedfcc4b9d5f7568afc9b965c22416be;3.9.2;2023-09-25;1df4e1f;2023-07-26;70ae7649;2023-09-22;filter, parser, deduplicator, istex, crossref, sudoc, hal, enhancer, geolocalizer, cut, on-campus-counter, qualifier, anonymizer;;;;FR;49.233;5.9655;46076b6214ee4cb2508de6164883eb9be3244ff5;;https://nouveau.europresse.com:443/Pdf/ImageList?docName=pdf%C2%B720230916%C2%B7NIC_P%C2%B715;200;1243
2023-09-16T11:35:17+02:00;2023-09-16;05e601fc24013fac16bf93aa02d437359e42b341;europresse;Europresse;CEDROM-SNi;ARTICLE;PDF;;;;;;;pdf·20230916·NIC_P·17;nouveau.europresse.com;N;cbf7d408ddbb1abc60bf8f92a2c2bcf6a71b0857;3.9.2;2023-09-25;1df4e1f;2023-07-26;70ae7649;2023-09-22;filter, parser, deduplicator, istex, crossref, sudoc, hal, enhancer, geolocalizer, cut, on-campus-counter, qualifier, anonymizer;;;;FR;49.233;5.9655;46076b6214ee4cb2508de6164883eb9be3244ff5;;https://nouveau.europresse.com:443/Pdf/ImageList?docName=pdf%C2%B720230916%C2%B7NIC_P%C2%B717;200;1243
2023-09-16T11:35:26+02:00;2023-09-16;05e601fc24013fac16bf93aa02d437359e42b341;europresse;Europresse;CEDROM-SNi;ARTICLE;PDF;;;;;;;pdf·20230916·NIC_P·18;nouveau.europresse.com;N;c1ac948906ae677ffb4faa5b2c28db2640c1d5a0;3.9.2;2023-09-25;1df4e1f;2023-07-26;70ae7649;2023-09-22;filter, parser, deduplicator, istex, crossref, sudoc, hal, enhancer, geolocalizer, cut, on-campus-counter, qualifier, anonymizer;;;;FR;49.233;5.9655;46076b6214ee4cb2508de6164883eb9be3244ff5;;https://nouveau.europresse.com:443/Pdf/ImageList?docName=pdf%C2%B720230916%C2%B7NIC_P%C2%B718;200;1243
2023-09-16T11:35:34+02:00;2023-09-16;05e601fc24013fac16bf93aa02d437359e42b341;europresse;Europresse;CEDROM-SNi;ARTICLE;PDF;;;;;;;pdf·20230916·NIC_P·19;nouveau.europresse.com;N;ed6506f8e5a23a18d7695e403b4d8655baacd844;3.9.2;2023-09-25;1df4e1f;2023-07-26;70ae7649;2023-09-22;filter, parser, deduplicator, istex, crossref, sudoc, hal, enhancer, geolocalizer, cut, on-campus-counter, qualifier, anonymizer;;;;FR;49.233;5.9655;46076b6214ee4cb2508de6164883eb9be3244ff5;;https://nouveau.europresse.com:443/Pdf/ImageList?docName=pdf%C2%B720230916%C2%B7NIC_P%C2%B719;200;1243
2023-09-16T11:36:17+02:00;2023-09-16;6d9a3195204224cc4c419ef72618fe5cff2fd9b2;europresse;Europresse;CEDROM-SNi;ARTICLE;PDF;;;;;;;pdf·20230916·NIC_P·6;nouveau.europresse.com;N;ed24949b3f816270e1ac4f62430ff915382c256d;3.9.2;2023-09-25;1df4e1f;2023-07-26;70ae7649;2023-09-22;filter, parser, deduplicator, istex, crossref, sudoc, hal, enhancer, geolocalizer, cut, on-campus-counter, qualifier, anonymizer;;;;FR;42.7028;9.45;9884fc677bb87c6fc90968db318c3dd5576eb4a4;;https://nouveau.europresse.com:443/Pdf/ImageList?docName=pdf%C2%B720230916%C2%B7NIC_P%C2%B76;200;1243
2023-09-16T11:36:22+02:00;2023-09-16;05e601fc24013fac16bf93aa02d437359e42b341;europresse;Europresse;CEDROM-SNi;ARTICLE;PDF;;;;;;;pdf·20230916·NIC_P·20;nouveau.europresse.com;N;a8482eb6ea61339a395fd8905f793fa032f5e126;3.9.2;2023-09-25;1df4e1f;2023-07-26;70ae7649;2023-09-22;filter, parser, deduplicator, istex, crossref, sudoc, hal, enhancer, geolocalizer, cut, on-campus-counter, qualifier, anonymizer;;;;FR;49.233;5.9655;46076b6214ee4cb2508de6164883eb9be3244ff5;;https://nouveau.europresse.com:443/Pdf/ImageList?docName=pdf%C2%B720230916%C2%B7NIC_P%C2%B720;200;1243
2023-09-16T11:36:27+02:00;2023-09-16;6d9a3195204224cc4c419ef72618fe5cff2fd9b2;europresse;Europresse;CEDROM-SNi;ARTICLE;PDF;;;;;;;pdf·20230916·NIC_P·7;nouveau.europresse.com;N;f5e6994b7ec2ef905998fee7a773a43a757f6e14;3.9.2;2023-09-25;1df4e1f;2023-07-26;70ae7649;2023-09-22;filter, parser, deduplicator, istex, crossref, sudoc, hal, enhancer, geolocalizer, cut, on-campus-counter, qualifier, anonymizer;;;;FR;42.7028;9.45;9884fc677bb87c6fc90968db318c3dd5576eb4a4;;https://nouveau.europresse.com:443/Pdf/ImageList?docName=pdf%C2%B720230916%C2%B7NIC_P%C2%B77;200;1243
2023-09-16T11:36:32+02:00;2023-09-16;6d9a3195204224cc4c419ef72618fe5cff2fd9b2;europresse;Europresse;CEDROM-SNi;ARTICLE;PDF;;;;;;;pdf·20230916·NIC_P·8;nouveau.europresse.com;N;a5e3aa6d0e2f91846244dce23875b127fe3e29a6;3.9.2;2023-09-25;1df4e1f;2023-07-26;70ae7649;2023-09-22;filter, parser, deduplicator, istex, crossref, sudoc, hal, enhancer, geolocalizer, cut, on-campus-counter, qualifier, anonymizer;;;;FR;42.7028;9.45;9884fc677bb87c6fc90968db318c3dd5576eb4a4;;https://nouveau.europresse.com:443/Pdf/ImageList?docName=pdf%C2%B720230916%C2%B7NIC_P%C2%B78;200;1243
2023-09-16T11:36:33+02:00;2023-09-16;05e601fc24013fac16bf93aa02d437359e42b341;europresse;Europresse;CEDROM-SNi;ARTICLE;PDF;;;;;;;pdf·20230916·NIC_P·21;nouveau.europresse.com;N;8bfcf5a43f516009c48ab491ae76853f91db886b;3.9.2;2023-09-25;1df4e1f;2023-07-26;70ae7649;2023-09-22;filter, parser, deduplicator, istex, crossref, sudoc, hal, enhancer, geolocalizer, cut, on-campus-counter, qualifier, anonymizer;;;;FR;49.233;5.9655;46076b6214ee4cb2508de6164883eb9be3244ff5;;https://nouveau.europresse.com:443/Pdf/ImageList?docName=pdf%C2%B720230916%C2%B7NIC_P%C2%B721;200;1243
2023-09-16T11:36:38+02:00;2023-09-16;6d9a3195204224cc4c419ef72618fe5cff2fd9b2;europresse;Europresse;CEDROM-SNi;ARTICLE;PDF;;;;;;;pdf·20230916·NIC_P·9;nouveau.europresse.com;N;c22c0def3f280426180862405fa2ef0bddb0f449;3.9.2;2023-09-25;1df4e1f;2023-07-26;70ae7649;2023-09-22;filter, parser, deduplicator, istex, crossref, sudoc, hal, enhancer, geolocalizer, cut, on-campus-counter, qualifier, anonymizer;;;;FR;42.7028;9.45;9884fc677bb87c6fc90968db318c3dd5576eb4a4;;https://nouveau.europresse.com:443/Pdf/ImageList?docName=pdf%C2%B720230916%C2%B7NIC_P%C2%B79;200;1243
2023-09-16T11:36:49+02:00;2023-09-16;6d9a3195204224cc4c419ef72618fe5cff2fd9b2;europresse;Europresse;CEDROM-SNi;ARTICLE;PDF;;;;;;;pdf·20230916·NIC_P·10;nouveau.europresse.com;N;3728814714eca899a3952f0a3f79463fb8fb9cb0;3.9.2;2023-09-25;1df4e1f;2023-07-26;70ae7649;2023-09-22;filter, parser, deduplicator, istex, crossref, sudoc, hal, enhancer, geolocalizer, cut, on-campus-counter, qualifier, anonymizer;;;;FR;42.7028;9.45;9884fc677bb87c6fc90968db318c3dd5576eb4a4;;https://nouveau.europresse.com:443/Pdf/ImageList?docName=pdf%C2%B720230916%C2%B7NIC_P%C2%B710;200;1243
2023-09-16T11:36:52+02:00;2023-09-16;6d9a3195204224cc4c419ef72618fe5cff2fd9b2;europresse;Europresse;CEDROM-SNi;ARTICLE;PDF;;;;;;;pdf·20230916·NIC_P·11;nouveau.europresse.com;N;ecc6751501b014f418ff87e2b2a311968f0731b5;3.9.2;2023-09-25;1df4e1f;2023-07-26;70ae7649;2023-09-22;filter, parser, deduplicator, istex, crossref, sudoc, hal, enhancer, geolocalizer, cut, on-campus-counter, qualifier, anonymizer;;;;FR;42.7028;9.45;9884fc677bb87c6fc90968db318c3dd5576eb4a4;;https://nouveau.europresse.com:443/Pdf/ImageList?docName=pdf%C2%B720230916%C2%B7NIC_P%C2%B711;200;1243
2023-09-16T11:36:59+02:00;2023-09-16;6d9a3195204224cc4c419ef72618fe5cff2fd9b2;europresse;Europresse;CEDROM-SNi;ARTICLE;PDF;;;;;;;pdf·20230916·NIC_P·12;nouveau.europresse.com;N;eb9fe12b3cfab867859e1d03211316736f1b143f;3.9.2;2023-09-25;1df4e1f;2023-07-26;70ae7649;2023-09-22;filter, parser, deduplicator, istex, crossref, sudoc, hal, enhancer, geolocalizer, cut, on-campus-counter, qualifier, anonymizer;;;;FR;42.7028;9.45;9884fc677bb87c6fc90968db318c3dd5576eb4a4;;https://nouveau.europresse.com:443/Pdf/ImageList?docName=pdf%C2%B720230916%C2%B7NIC_P%C2%B712;200;1243
2023-09-16T11:37:13+02:00;2023-09-16;05e601fc24013fac16bf93aa02d437359e42b341;europresse;Europresse;CEDROM-SNi;ARTICLE;PDF;;;;;;;pdf·20230916·NIC_P·22;nouveau.europresse.com;N;9b35ffa205f1b22ce46d47c69eb94dab4e92995b;3.9.2;2023-09-25;1df4e1f;2023-07-26;70ae7649;2023-09-22;filter, parser, deduplicator, istex, crossref, sudoc, hal, enhancer, geolocalizer, cut, on-campus-counter, qualifier, anonymizer;;;;FR;49.233;5.9655;46076b6214ee4cb2508de6164883eb9be3244ff5;;https://nouveau.europresse.com:443/Pdf/ImageList?docName=pdf%C2%B720230916%C2%B7NIC_P%C2%B722;200;1243
2023-09-16T11:39:26+02:00;2023-09-16;05e601fc24013fac16bf93aa02d437359e42b341;europresse;Europresse;CEDROM-SNi;ARTICLE;PDF;;;;;;;pdf·20230916·NIC_P·24;nouveau.europresse.com;N;326b9ad1062050d27656c40601e438fe41d98b66;3.9.2;2023-09-25;1df4e1f;2023-07-26;70ae7649;2023-09-22;filter, parser, deduplicator, istex, crossref, sudoc, hal, enhancer, geolocalizer, cut, on-campus-counter, qualifier, anonymizer;;;;FR;49.233;5.9655;46076b6214ee4cb2508de6164883eb9be3244ff5;;https://nouveau.europresse.com:443/Pdf/ImageList?docName=pdf%C2%B720230916%C2%B7NIC_P%C2%B724;200;1243
2023-09-16T11:39:37+02:00;2023-09-16;05e601fc24013fac16bf93aa02d437359e42b341;europresse;Europresse;CEDROM-SNi;ARTICLE;PDF;;;;;;;pdf·20230916·NIC_P·23;nouveau.europresse.com;N;b355d5ea74f9fe31880ed9561e6817c571a088dd;3.9.2;2023-09-25;1df4e1f;2023-07-26;70ae7649;2023-09-22;filter, parser, deduplicator, istex, crossref, sudoc, hal, enhancer, geolocalizer, cut, on-campus-counter, qualifier, anonymizer;;;;FR;49.233;5.9655;46076b6214ee4cb2508de6164883eb9be3244ff5;;https://nouveau.europresse.com:443/Pdf/ImageList?docName=pdf%C2%B720230916%C2%B7NIC_P%C2%B723;200;1243
2023-09-16T11:39:56+02:00;2023-09-16;05e601fc24013fac16bf93aa02d437359e42b341;europresse;Europresse;CEDROM-SNi;ARTICLE;PDF;;;;;;;pdf·20230916·NIC_P·25;nouveau.europresse.com;N;dafe84ecbae43363c0790266affc8fd8886ec93a;3.9.2;2023-09-25;1df4e1f;2023-07-26;70ae7649;2023-09-22;filter, parser, deduplicator, istex, crossref, sudoc, hal, enhancer, geolocalizer, cut, on-campus-counter, qualifier, anonymizer;;;;FR;49.233;5.9655;46076b6214ee4cb2508de6164883eb9be3244ff5;;https://nouveau.europresse.com:443/Pdf/ImageList?docName=pdf%C2%B720230916%C2%B7NIC_P%C2%B725;200;1243
2023-09-16T11:41:08+02:00;2023-09-16;30c94a9350047770cf010dcc1f941a8d3b976c94;lamyline;Lamyline;Wolters Kluwer France;SEARCH;HTML;;;;;;;;www.lamyline.fr;N;cca91e181a59d5c0dfc746bd13bcf23f2be322c6;3.9.2;2023-09-25;1df4e1f;2023-07-26;70ae7649;2023-09-22;filter, parser, deduplicator, istex, crossref, sudoc, hal, enhancer, geolocalizer, cut, on-campus-counter, qualifier, anonymizer;;;;FR;50.6756;1.5723;694bc5609cd454075520277823e60c83eb55afbe;;https://www.lamyline.fr:443/Content/ResultList.aspx?params=H4sIAAAAAAAEACWMsW4CMRBEv-bcuPGRBHDhJqJIQxFxfIDPNxInjA1eL8J_z1oUbzQ7O5oHo7QJr-r-eeCNGS2o6gVPJIaOXt-RaGBjYCGx_kMqqz7mypGuTStqKad2c1NhqOpnctYoHyr7eMjBjd2vT0x-7o9cFpTf5oxiac6o_gRfwkWtdE5SK-TjJ_kMEiJCxXLKXALImWEXRmEjfP-IfHUjbIV-b3tjL-wEa7u8AcirGnDiAAAAWKE;200;48162
2023-09-16T11:41:11+02:00;2023-09-16;715fa8072f541c64dc0d58ee522c0b790d0444fb;dalloz;Dalloz;Dalloz;;HTML;;;;;;;RECUEIL;www.dalloz.fr;N;c7a125d661610c2379138ae3bf555f504a7df82e;3.9.2;2023-09-25;1df4e1f;2023-07-26;70ae7649;2023-09-22;filter, parser, deduplicator, istex, crossref, sudoc, hal, enhancer, geolocalizer, cut, on-campus-counter, qualifier, anonymizer;;;;FR;48.8582;2.3387;5dc9ef1355e05f4b641971039297f274660a2f20;;https://www.dalloz.fr:443/documentation/Document?id=RECUEIL;200;304688
2023-09-16T11:41:30+02:00;2023-09-16;30c94a9350047770cf010dcc1f941a8d3b976c94;lamyline;Lamyline;Wolters Kluwer France;ARTICLE;HTML;;;;;;;;www.lamyline.fr;N;149f830cc94b5abf853bb79a3d60ca024dbfb5cd;3.9.2;2023-09-25;1df4e1f;2023-07-26;70ae7649;2023-09-22;filter, parser, deduplicator, istex, crossref, sudoc, hal, enhancer, geolocalizer, cut, on-campus-counter, qualifier, anonymizer;;;;FR;50.6756;1.5723;694bc5609cd454075520277823e60c83eb55afbe;;https://www.lamyline.fr:443/Content/Document.aspx?params=H4sIAAAAAAAEAE2OwW7DIAyGnyZcuJAsTcaBw6oedlmnqdkDULBWVAothnS8_cy6w5A-y5jfn7gVSHWB76w-SlcG0UvAzC2sEApwr_kVAnZFCJBAY_4KITn-FnPxeK6cYQ0x1ItaUgGW9RGVFEybXLTfRaOG1rsVFn1sDzFZSNuqBMNTvO_16r50djFsdXoYnLVqtwg6chymcWYrJKSAop9txNAL5sOZxAfQyZweOzaapV5B9Qx_p-_B1xfv4x0sJcsFQsY_O34G14za_xcgeDAZ7CGWZACV6GbTEwMxbqg8tYaYiHafWuKZmAkpW_kBHay-oEgBAAA=WKE;200;122466
2023-09-16T11:41:51+02:00;2023-09-16;05e601fc24013fac16bf93aa02d437359e42b341;europresse;Europresse;CEDROM-SNi;ARTICLE;PDF;;;;;;;pdf·20230916·NIC_P·26;nouveau.europresse.com;N;2bdef4f6931f9a958f73abee4ff3661ff978ceb6;3.9.2;2023-09-25;1df4e1f;2023-07-26;70ae7649;2023-09-22;filter, parser, deduplicator, istex, crossref, sudoc, hal, enhancer, geolocalizer, cut, on-campus-counter, qualifier, anonymizer;;;;FR;49.233;5.9655;46076b6214ee4cb2508de6164883eb9be3244ff5;;https://nouveau.europresse.com:443/Pdf/ImageList?docName=pdf%C2%B720230916%C2%B7NIC_P%C2%B726;200;1243
2023-09-16T11:42:22+02:00;2023-09-16;05e601fc24013fac16bf93aa02d437359e42b341;europresse;Europresse;CEDROM-SNi;ARTICLE;PDF;;;;;;;pdf·20230916·EQ_P·1;nouveau.europresse.com;N;9a6088ecc4120d32dac7874c8e81fd8cb1900e53;3.9.2;2023-09-25;1df4e1f;2023-07-26;70ae7649;2023-09-22;filter, parser, deduplicator, istex, crossref, sudoc, hal, enhancer, geolocalizer, cut, on-campus-counter, qualifier, anonymizer;;;;FR;49.233;5.9655;46076b6214ee4cb2508de6164883eb9be3244ff5;;https://nouveau.europresse.com:443/Pdf/ImageList?docName=pdf%C2%B720230916%C2%B7EQ_P%C2%B71;200;1243
2023-09-16T11:42:55+02:00;2023-09-16;05e601fc24013fac16bf93aa02d437359e42b341;europresse;Europresse;CEDROM-SNi;ARTICLE;PDF;;;;;;;pdf·20230916·EQ_P·2;nouveau.europresse.com;N;d40cc8897d56a8b3c48bad9ac6e1fa20ea7a5ed1;3.9.2;2023-09-25;1df4e1f;2023-07-26;70ae7649;2023-09-22;filter, parser, deduplicator, istex, crossref, sudoc, hal, enhancer, geolocalizer, cut, on-campus-counter, qualifier, anonymizer;;;;FR;49.233;5.9655;46076b6214ee4cb2508de6164883eb9be3244ff5;;https://nouveau.europresse.com:443/Pdf/ImageList?docName=pdf%C2%B720230916%C2%B7EQ_P%C2%B72;200;1242
2023-09-16T11:43:13+02:00;2023-09-16;05e601fc24013fac16bf93aa02d437359e42b341;europresse;Europresse;CEDROM-SNi;ARTICLE;PDF;;;;;;;pdf·20230916·EQ_P·3;nouveau.europresse.com;N;98ba07b6fd653467876f3009f5be9b2191ad6cb4;3.9.2;2023-09-25;1df4e1f;2023-07-26;70ae7649;2023-09-22;filter, parser, deduplicator, istex, crossref, sudoc, hal, enhancer, geolocalizer, cut, on-campus-counter, qualifier, anonymizer;;;;FR;49.233;5.9655;46076b6214ee4cb2508de6164883eb9be3244ff5;;https://nouveau.europresse.com:443/Pdf/ImageList?docName=pdf%C2%B720230916%C2%B7EQ_P%C2%B73;200;1243
2023-09-16T11:43:54+02:00;2023-09-16;05e601fc24013fac16bf93aa02d437359e42b341;europresse;Europresse;CEDROM-SNi;ARTICLE;PDF;;;;;;;pdf·20230916·EQ_P·4;nouveau.europresse.com;N;2a5cf442aafd0b5e5398310c126d5f20bfc00360;3.9.2;2023-09-25;1df4e1f;2023-07-26;70ae7649;2023-09-22;filter, parser, deduplicator, istex, crossref, sudoc, hal, enhancer, geolocalizer, cut, on-campus-counter, qualifier, anonymizer;;;;FR;49.233;5.9655;46076b6214ee4cb2508de6164883eb9be3244ff5;;https://nouveau.europresse.com:443/Pdf/ImageList?docName=pdf%C2%B720230916%C2%B7EQ_P%C2%B74;200;1243
2023-09-16T11:44:47+02:00;2023-09-16;05e601fc24013fac16bf93aa02d437359e42b341;europresse;Europresse;CEDROM-SNi;ARTICLE;PDF;;;;;;;pdf·20230916·EQ_P·5;nouveau.europresse.com;N;4a99b72b31c941fcdfd5ffe7dd9fe572f34ec75e;3.9.2;2023-09-25;1df4e1f;2023-07-26;70ae7649;2023-09-22;filter, parser, deduplicator, istex, crossref, sudoc, hal, enhancer, geolocalizer, cut, on-campus-counter, qualifier, anonymizer;;;;FR;49.233;5.9655;46076b6214ee4cb2508de6164883eb9be3244ff5;;https://nouveau.europresse.com:443/Pdf/ImageList?docName=pdf%C2%B720230916%C2%B7EQ_P%C2%B75;200;1242
2023-09-16T11:44:55+02:00;2023-09-16;05e601fc24013fac16bf93aa02d437359e42b341;europresse;Europresse;CEDROM-SNi;ARTICLE;PDF;;;;;;;pdf·20230916·EQ_P·6;nouveau.europresse.com;N;99ea559193c7e6f00db3801ef6f9dad022864ba5;3.9.2;2023-09-25;1df4e1f;2023-07-26;70ae7649;2023-09-22;filter, parser, deduplicator, istex, crossref, sudoc, hal, enhancer, geolocalizer, cut, on-campus-counter, qualifier, anonymizer;;;;FR;49.233;5.9655;46076b6214ee4cb2508de6164883eb9be3244ff5;;https://nouveau.europresse.com:443/Pdf/ImageList?docName=pdf%C2%B720230916%C2%B7EQ_P%C2%B76;200;1243
2023-09-16T11:45:27+02:00;2023-09-16;05e601fc24013fac16bf93aa02d437359e42b341;europresse;Europresse;CEDROM-SNi;ARTICLE;PDF;;;;;;;pdf·20230916·EQ_P·8;nouveau.europresse.com;N;f320b9ad3e64c41a0b07fd6f8716b41f8f204fc1;3.9.2;2023-09-25;1df4e1f;2023-07-26;70ae7649;2023-09-22;filter, parser, deduplicator, istex, crossref, sudoc, hal, enhancer, geolocalizer, cut, on-campus-counter, qualifier, anonymizer;;;;FR;49.233;5.9655;46076b6214ee4cb2508de6164883eb9be3244ff5;;https://nouveau.europresse.com:443/Pdf/ImageList?docName=pdf%C2%B720230916%C2%B7EQ_P%C2%B78;200;1243
2023-09-16T11:45:51+02:00;2023-09-16;05e601fc24013fac16bf93aa02d437359e42b341;europresse;Europresse;CEDROM-SNi;ARTICLE;PDF;;;;;;;pdf·20230916·EQ_P·9;nouveau.europresse.com;N;9532cc87ce84f084031b8c0414c4c7a7ed173228;3.9.2;2023-09-25;1df4e1f;2023-07-26;70ae7649;2023-09-22;filter, parser, deduplicator, istex, crossref, sudoc, hal, enhancer, geolocalizer, cut, on-campus-counter, qualifier, anonymizer;;;;FR;49.233;5.9655;46076b6214ee4cb2508de6164883eb9be3244ff5;;https://nouveau.europresse.com:443/Pdf/ImageList?docName=pdf%C2%B720230916%C2%B7EQ_P%C2%B79;200;1243
2023-09-16T11:45:55+02:00;2023-09-16;05e601fc24013fac16bf93aa02d437359e42b341;europresse;Europresse;CEDROM-SNi;ARTICLE;PDF;;;;;;;pdf·20230916·EQ_P·10;nouveau.europresse.com;N;b892e11f0054980c8f5302d20eaf7f2bf753be5f;3.9.2;2023-09-25;1df4e1f;2023-07-26;70ae7649;2023-09-22;filter, parser, deduplicator, istex, crossref, sudoc, hal, enhancer, geolocalizer, cut, on-campus-counter, qualifier, anonymizer;;;;FR;49.233;5.9655;46076b6214ee4cb2508de6164883eb9be3244ff5;;https://nouveau.europresse.com:443/Pdf/ImageList?docName=pdf%C2%B720230916%C2%B7EQ_P%C2%B710;200;1243
2023-09-16T11:46:22+02:00;2023-09-16;05e601fc24013fac16bf93aa02d437359e42b341;europresse;Europresse;CEDROM-SNi;ARTICLE;PDF;;;;;;;pdf·20230916·EQ_P·12;nouveau.europresse.com;N;48214c09b5f51ca5aa8ceeaac70d8dd9f4a54084;3.9.2;2023-09-25;1df4e1f;2023-07-26;70ae7649;2023-09-22;filter, parser, deduplicator, istex, crossref, sudoc, hal, enhancer, geolocalizer, cut, on-campus-counter, qualifier, anonymizer;;;;FR;49.233;5.9655;46076b6214ee4cb2508de6164883eb9be3244ff5;;https://nouveau.europresse.com:443/Pdf/ImageList?docName=pdf%C2%B720230916%C2%B7EQ_P%C2%B712;200;1243
2023-09-16T11:46:35+02:00;2023-09-16;05e601fc24013fac16bf93aa02d437359e42b341;europresse;Europresse;CEDROM-SNi;ARTICLE;PDF;;;;;;;pdf·20230916·EQ_P·13;nouveau.europresse.com;N;067163cea61152b4b1746c807c1e14b3038a1103;3.9.2;2023-09-25;1df4e1f;2023-07-26;70ae7649;2023-09-22;filter, parser, deduplicator, istex, crossref, sudoc, hal, enhancer, geolocalizer, cut, on-campus-counter, qualifier, anonymizer;;;;FR;49.233;5.9655;46076b6214ee4cb2508de6164883eb9be3244ff5;;https://nouveau.europresse.com:443/Pdf/ImageList?docName=pdf%C2%B720230916%C2%B7EQ_P%C2%B713;200;1243
2023-09-16T11:50:12+02:00;2023-09-16;05e601fc24013fac16bf93aa02d437359e42b341;europresse;Europresse;CEDROM-SNi;ARTICLE;PDF;;;;;;;pdf·20230916·EQ_P·14;nouveau.europresse.com;N;62908408f365cdeec3e487783b21891e19e465ad;3.9.2;2023-09-25;1df4e1f;2023-07-26;70ae7649;2023-09-22;filter, parser, deduplicator, istex, crossref, sudoc, hal, enhancer, geolocalizer, cut, on-campus-counter, qualifier, anonymizer;;;;FR;49.233;5.9655;46076b6214ee4cb2508de6164883eb9be3244ff5;;https://nouveau.europresse.com:443/Pdf/ImageList?docName=pdf%C2%B720230916%C2%B7EQ_P%C2%B714;200;1243
2023-09-16T11:50:32+02:00;2023-09-16;05e601fc24013fac16bf93aa02d437359e42b341;europresse;Europresse;CEDROM-SNi;ARTICLE;PDF;;;;;;;pdf·20230916·EQ_P·16;nouveau.europresse.com;N;f6e72edb484c11ff86fcb6e0ba55e233b74a92ab;3.9.2;2023-09-25;1df4e1f;2023-07-26;70ae7649;2023-09-22;filter, parser, deduplicator, istex, crossref, sudoc, hal, enhancer, geolocalizer, cut, on-campus-counter, qualifier, anonymizer;;;;FR;49.233;5.9655;46076b6214ee4cb2508de6164883eb9be3244ff5;;https://nouveau.europresse.com:443/Pdf/ImageList?docName=pdf%C2%B720230916%C2%B7EQ_P%C2%B716;200;1243
2023-09-16T11:50:40+02:00;2023-09-16;05e601fc24013fac16bf93aa02d437359e42b341;europresse;Europresse;CEDROM-SNi;ARTICLE;PDF;;;;;;;pdf·20230916·EQ_P·17;nouveau.europresse.com;N;62b20268efb03139d8bd33882c914751a7a4b291;3.9.2;2023-09-25;1df4e1f;2023-07-26;70ae7649;2023-09-22;filter, parser, deduplicator, istex, crossref, sudoc, hal, enhancer, geolocalizer, cut, on-campus-counter, qualifier, anonymizer;;;;FR;49.233;5.9655;46076b6214ee4cb2508de6164883eb9be3244ff5;;https://nouveau.europresse.com:443/Pdf/ImageList?docName=pdf%C2%B720230916%C2%B7EQ_P%C2%B717;200;1243
2023-09-16T11:50:42+02:00;2023-09-16;30c94a9350047770cf010dcc1f941a8d3b976c94;dalloz;Dalloz;Dalloz;;HTML;;;;;;;ENCY/PCIV/RUB000032/2018-04/PLAN/0099;www.dalloz.fr;N;b447ada4533a296c4fb31c34a8a021ad7608acb8;3.9.2;2023-09-25;1df4e1f;2023-07-26;70ae7649;2023-09-22;filter, parser, deduplicator, istex, crossref, sudoc, hal, enhancer, geolocalizer, cut, on-campus-counter, qualifier, anonymizer;;;;FR;50.6756;1.5723;694bc5609cd454075520277823e60c83eb55afbe;;https://www.dalloz.fr:443/documentation/Document?id=ENCY%2FPCIV%2FRUB000032%2F2018-04%2FPLAN%2F0099&ctxt=0_YSR0MD3CqyBRdeKAmWVzdCBkZXZlbnVlIGxhIHBlbnPDqWUgZGUgSGVucmkgTW90dWxza3kgPyDCuywgUHJvY8OpZHVyZXMsIG7CsDMsIDIwMTLCp3gkc2Y9c2ltcGxlLXNlYXJjaA%3D%3D&ctxtl=0_cyRwYWdlTnVtPTHCp3MkdHJpZGF0ZT1GYWxzZcKncyRzb3J0PSNkZWZhdWx0X0Rlc2PCp3Mkc2xOYlBhZz0yMMKncyRpc2Fibz1UcnVlwqdzJHBhZ2luZz1UcnVlwqdzJG9uZ2xldD3Cp3MkZnJlZXNjb3BlPUZhbHNlwqdzJHdvSVM9RmFsc2XCp3Mkd29TUENIPUZhbHNlwqdzJGZsb3dNb2RlPUZhbHNlwqdzJGJxPcKncyRzZWFyY2hMYWJlbD3Cp3Mkc2VhcmNoQ2xhc3M9&scrll=ENCY%2FPCIV%2FRUB000032%2F2018-04%2FPARA%2F502;200;267694
2023-09-16T11:50:50+02:00;2023-09-16;05e601fc24013fac16bf93aa02d437359e42b341;europresse;Europresse;CEDROM-SNi;ARTICLE;PDF;;;;;;;pdf·20230916·EQ_P·18;nouveau.europresse.com;N;335c3d9b716db6e0e3e67e224c2bc474186740e5;3.9.2;2023-09-25;1df4e1f;2023-07-26;70ae7649;2023-09-22;filter, parser, deduplicator, istex, crossref, sudoc, hal, enhancer, geolocalizer, cut, on-campus-counter, qualifier, anonymizer;;;;FR;49.233;5.9655;46076b6214ee4cb2508de6164883eb9be3244ff5;;https://nouveau.europresse.com:443/Pdf/ImageList?docName=pdf%C2%B720230916%C2%B7EQ_P%C2%B718;200;1243
2023-09-16T11:53:30+02:00;2023-09-16;30c94a9350047770cf010dcc1f941a8d3b976c94;dalloz;Dalloz;Dalloz;;HTML;;;;;;;ENCY/PCIV/RUB000032/2018-04/PLAN/0099;www.dalloz.fr;N;f191cef6946fb4c23dff8a19eb82e5b20e8167bc;3.9.2;2023-09-25;1df4e1f;2023-07-26;70ae7649;2023-09-22;filter, parser, deduplicator, istex, crossref, sudoc, hal, enhancer, geolocalizer, cut, on-campus-counter, qualifier, anonymizer;;;;FR;50.6756;1.5723;694bc5609cd454075520277823e60c83eb55afbe;;https://www.dalloz.fr:443/documentation/Document?ed=etudiants&id=ENCY%2FPCIV%2FRUB000032%2F2018-04%2FPLAN%2F0099&ctxt=0_YSR0MD3CqyBRdeKAmWVzdCBkZXZlbnVlIGxhIHBlbnPDqWUgZGUgSGVucmkgTW90dWxza3kgPyDCuywgUHJvY8OpZHVyZXMsIG7CsDMsIDIwMTLCp3gkc2Y9c2ltcGxlLXNlYXJjaA%3D%3D&ctxtl=0_cyRwYWdlTnVtPTHCp3MkdHJpZGF0ZT1GYWxzZcKncyRzb3J0PSNkZWZhdWx0X0Rlc2PCp3Mkc2xOYlBhZz0yMMKncyRpc2Fibz1UcnVlwqdzJHBhZ2luZz1UcnVlwqdzJG9uZ2xldD3Cp3MkZnJlZXNjb3BlPUZhbHNlwqdzJHdvSVM9RmFsc2XCp3Mkd29TUENIPUZhbHNlwqdzJGZsb3dNb2RlPUZhbHNlwqdzJGJxPcKncyRzZWFyY2hMYWJlbD3Cp3Mkc2VhcmNoQ2xhc3M9&scrll=ENCY%2FPCIV%2FRUB000032%2F2018-04%2FPARA%2F502;200;281639
2023-09-16T11:54:29+02:00;2023-09-16;30c94a9350047770cf010dcc1f941a8d3b976c94;dalloz;Dalloz;Dalloz;;HTML;;;;;;;RECUEIL/CHRON/2018/0530;www.dalloz.fr;N;c780e3995738e509286af7adaf73b2b494f81690;3.9.2;2023-09-25;1df4e1f;2023-07-26;70ae7649;2023-09-22;filter, parser, deduplicator, istex, crossref, sudoc, hal, enhancer, geolocalizer, cut, on-campus-counter, qualifier, anonymizer;;;;FR;50.6756;1.5723;694bc5609cd454075520277823e60c83eb55afbe;;https://www.dalloz.fr:443/documentation/Document?ctxt=0_YSR0MD1sYSByw6lmb3JtZSBkZSBsYSBwcm9jw6lkdXJlIDogdW4gY2hhbnRpZXIgZGUgZMOpbW9saXRpb27Cp3gkc2Y9c2ltcGxlLXNlYXJjaA%3D%3D&ctxtl=0_cyRwYWdlTnVtPTHCp3MkdHJpZGF0ZT1GYWxzZcKncyRzb3J0PSNkZWZhdWx0X0Rlc2PCp3Mkc2xOYlBhZz0yMMKncyRpc2Fibz1UcnVlwqdzJHBhZ2luZz1UcnVlwqdzJG9uZ2xldD3Cp3MkZnJlZXNjb3BlPUZhbHNlwqdzJHdvSVM9RmFsc2XCp3Mkd29TUENIPUZhbHNlwqdzJGZsb3dNb2RlPUZhbHNlwqdzJGJxPcKncyRzZWFyY2hMYWJlbD3Cp3Mkc2VhcmNoQ2xhc3M9&id=RECUEIL%2FCHRON%2F2018%2F0530;200;319849
2023-09-16T11:55:43+02:00;2023-09-16;05e601fc24013fac16bf93aa02d437359e42b341;europresse;Europresse;CEDROM-SNi;ARTICLE;PDF;;;;;;;pdf·20230916·EQ_P·19;nouveau.europresse.com;N;6b0de80f997651ef55b6cb8c4140018b8d55f862;3.9.2;2023-09-25;1df4e1f;2023-07-26;70ae7649;2023-09-22;filter, parser, deduplicator, istex, crossref, sudoc, hal, enhancer, geolocalizer, cut, on-campus-counter, qualifier, anonymizer;;;;FR;49.233;5.9655;46076b6214ee4cb2508de6164883eb9be3244ff5;;https://nouveau.europresse.com:443/Pdf/ImageList?docName=pdf%C2%B720230916%C2%B7EQ_P%C2%B719;200;1243
2023-09-16T11:56:28+02:00;2023-09-16;05e601fc24013fac16bf93aa02d437359e42b341;europresse;Europresse;CEDROM-SNi;ARTICLE;PDF;;;;;;;pdf·20230916·EQ_P·20;nouveau.europresse.com;N;ddcce0c1dc21c30fb801df912cc2146b3e44f09d;3.9.2;2023-09-25;1df4e1f;2023-07-26;70ae7649;2023-09-22;filter, parser, deduplicator, istex, crossref, sudoc, hal, enhancer, geolocalizer, cut, on-campus-counter, qualifier, anonymizer;;;;FR;49.233;5.9655;46076b6214ee4cb2508de6164883eb9be3244ff5;;https://nouveau.europresse.com:443/Pdf/ImageList?docName=pdf%C2%B720230916%C2%B7EQ_P%C2%B720;200;1243
2023-09-16T11:58:39+02:00;2023-09-16;05e601fc24013fac16bf93aa02d437359e42b341;europresse;Europresse;CEDROM-SNi;ARTICLE;PDF;;;;;;;pdf·20230916·EQ_P·21;nouveau.europresse.com;N;b780a6fb5b9a0a3b3d6132a020ddf0d5c6c02b4e;3.9.2;2023-09-25;1df4e1f;2023-07-26;70ae7649;2023-09-22;filter, parser, deduplicator, istex, crossref, sudoc, hal, enhancer, geolocalizer, cut, on-campus-counter, qualifier, anonymizer;;;;FR;49.233;5.9655;46076b6214ee4cb2508de6164883eb9be3244ff5;;https://nouveau.europresse.com:443/Pdf/ImageList?docName=pdf%C2%B720230916%C2%B7EQ_P%C2%B721;200;1243
2023-09-16T12:01:50+02:00;2023-09-16;30c94a9350047770cf010dcc1f941a8d3b976c94;dalloz;Dalloz;Dalloz;;HTML;;;;;;;RECUEIL/CHRON/2018/0530;www.dalloz.fr;N;df07d48453cf1b239783335be231da4c0771ba41;3.9.2;2023-09-25;1df4e1f;2023-07-26;70ae7649;2023-09-22;filter, parser, deduplicator, istex, crossref, sudoc, hal, enhancer, geolocalizer, cut, on-campus-counter, qualifier, anonymizer;;;;FR;50.6756;1.5723;694bc5609cd454075520277823e60c83eb55afbe;;https://www.dalloz.fr:443/documentation/Document?id=RECUEIL%2FCHRON%2F2018%2F0530;200;316516
2023-09-16T12:02:21+02:00;2023-09-16;05e601fc24013fac16bf93aa02d437359e42b341;europresse;Europresse;CEDROM-SNi;ARTICLE;PDF;;;;;;;pdf·20230916·EQ_P·22;nouveau.europresse.com;N;86f65544191b2b8d9b2e6d6b983180d90941ab17;3.9.2;2023-09-25;1df4e1f;2023-07-26;70ae7649;2023-09-22;filter, parser, deduplicator, istex, crossref, sudoc, hal, enhancer, geolocalizer, cut, on-campus-counter, qualifier, anonymizer;;;;FR;49.233;5.9655;46076b6214ee4cb2508de6164883eb9be3244ff5;;https://nouveau.europresse.com:443/Pdf/ImageList?docName=pdf%C2%B720230916%C2%B7EQ_P%C2%B722;200;1243
2023-09-16T12:02:50+02:00;2023-09-16;f169aa5a4a563e780ee7ae320a49ca305891bb37;dalloz;Dalloz;Dalloz;;HTML;;;;;;;CASS_LIEUVIDE_1995-06-30_9420302;www.dalloz.fr;N;29b432d514f0c2e65cb0f323b1029be0bd457cc2;3.9.2;2023-09-25;1df4e1f;2023-07-26;70ae7649;2023-09-22;filter, parser, deduplicator, istex, crossref, sudoc, hal, enhancer, geolocalizer, cut, on-campus-counter, qualifier, anonymizer;;;;FR;48.8582;2.3387;0446f664bd1088abc2a622d71a5ff82cf33d995d;;https://www.dalloz.fr:443/documentation/Document?ctxt=0_YSR0MD05NC0yMDMwMsKneCRzZj1zaW1wbGUtc2VhcmNo&ctxtl=0_cyRwYWdlTnVtPTHCp3MkdHJpZGF0ZT1GYWxzZcKncyRzb3J0PSNkZWZhdWx0X0Rlc2PCp3Mkc2xOYlBhZz0yMMKncyRpc2Fibz1UcnVlwqdzJHBhZ2luZz1UcnVlwqdzJG9uZ2xldD3Cp3MkZnJlZXNjb3BlPUZhbHNlwqdzJHdvSVM9RmFsc2XCp3Mkd29TUENIPUZhbHNlwqdzJGZsb3dNb2RlPUZhbHNlwqdzJGJxPcKncyRzZWFyY2hMYWJlbD3Cp3Mkc2VhcmNoQ2xhc3M9&id=CASS_LIEUVIDE_1995-06-30_9420302;200;271303
2023-09-16T12:03:43+02:00;2023-09-16;f169aa5a4a563e780ee7ae320a49ca305891bb37;dalloz;Dalloz;Dalloz;;HTML;;;;;;;ENCY/PCIV/RUB000083/2018-11/PLAN/0181;www.dalloz.fr;N;dfb1f591e64d52e559bfc6c32e6595ee9411a759;3.9.2;2023-09-25;1df4e1f;2023-07-26;70ae7649;2023-09-22;filter, parser, deduplicator, istex, crossref, sudoc, hal, enhancer, geolocalizer, cut, on-campus-counter, qualifier, anonymizer;;;;FR;48.8582;2.3387;0446f664bd1088abc2a622d71a5ff82cf33d995d;;https://www.dalloz.fr:443/documentation/Document?ctxt=0_YSR0MD05NC0yMDMwMsKneCRzZj1zaW1wbGUtc2VhcmNo&ctxtl=0_cyRwYWdlTnVtPTHCp3MkdHJpZGF0ZT1GYWxzZcKncyRzb3J0PSNkZWZhdWx0X0Rlc2PCp3Mkc2xOYlBhZz0yMMKncyRpc2Fibz1UcnVlwqdzJHBhZ2luZz1UcnVlwqdzJG9uZ2xldD3Cp3MkZnJlZXNjb3BlPUZhbHNlwqdzJHdvSVM9RmFsc2XCp3Mkd29TUENIPUZhbHNlwqdzJGZsb3dNb2RlPUZhbHNlwqdzJGJxPcKncyRzZWFyY2hMYWJlbD3Cp3Mkc2VhcmNoQ2xhc3M9&id=ENCY%2FPCIV%2FRUB000083%2F2018-11%2FPLAN%2F0181;200;285871
2023-09-16T12:04:37+02:00;2023-09-16;30c94a9350047770cf010dcc1f941a8d3b976c94;lamyline;Lamyline;Wolters Kluwer France;SEARCH;HTML;;;;;;;;www.lamyline.fr;N;ebd9051937332a6bb1c9f5762e4d14e05c0ac1d1;3.9.2;2023-09-25;1df4e1f;2023-07-26;70ae7649;2023-09-22;filter, parser, deduplicator, istex, crossref, sudoc, hal, enhancer, geolocalizer, cut, on-campus-counter, qualifier, anonymizer;;;;FR;50.6756;1.5723;694bc5609cd454075520277823e60c83eb55afbe;;https://www.lamyline.fr:443/Content/ResultList.aspx?params=H4sIAAAAAAAEAC2NSw7CMAxET9Nsukn5d5ENcAFEOYCbWCJSm4ATV-T2OJTFG39mZL8ZqQz4yebGQBCyb1hrPM3YQgh-QUrgCVvH7SU6qdi-KNpfqHcsjvWLn1ClEmIosxmIUWUYk-m1ApsZpmu0pqu9nBtgrEYkh3QuRiuW5IgZ7ghkn8qnx__rtG7WgwkntBndPTJZTEY3R9sJG2G3F9nWRjgIdT7UxEk4Cn1f5QvVELwR6wAAAA==WKE;200;48175
2023-09-16T12:05:26+02:00;2023-09-16;05e601fc24013fac16bf93aa02d437359e42b341;europresse;Europresse;CEDROM-SNi;ARTICLE;PDF;;;;;;;pdf·20230916·EQ_P·23;nouveau.europresse.com;N;958581c72a460e6c4ab8dc1dd31f8d337bd869d2;3.9.2;2023-09-25;1df4e1f;2023-07-26;70ae7649;2023-09-22;filter, parser, deduplicator, istex, crossref, sudoc, hal, enhancer, geolocalizer, cut, on-campus-counter, qualifier, anonymizer;;;;FR;49.233;5.9655;46076b6214ee4cb2508de6164883eb9be3244ff5;;https://nouveau.europresse.com:443/Pdf/ImageList?docName=pdf%C2%B720230916%C2%B7EQ_P%C2%B723;200;1243
2023-09-16T12:05:47+02:00;2023-09-16;05e601fc24013fac16bf93aa02d437359e42b341;europresse;Europresse;CEDROM-SNi;ARTICLE;PDF;;;;;;;pdf·20230916·EQ_P·24;nouveau.europresse.com;N;e00ffed5d6b273c5fb0709cf8c3045fc8639ed86;3.9.2;2023-09-25;1df4e1f;2023-07-26;70ae7649;2023-09-22;filter, parser, deduplicator, istex, crossref, sudoc, hal, enhancer, geolocalizer, cut, on-campus-counter, qualifier, anonymizer;;;;FR;49.233;5.9655;46076b6214ee4cb2508de6164883eb9be3244ff5;;https://nouveau.europresse.com:443/Pdf/ImageList?docName=pdf%C2%B720230916%C2%B7EQ_P%C2%B724;200;1243
2023-09-16T12:06:22+02:00;2023-09-16;05e601fc24013fac16bf93aa02d437359e42b341;europresse;Europresse;CEDROM-SNi;ARTICLE;PDF;;;;;;;pdf·20230916·EQ_P·26;nouveau.europresse.com;N;e9400647d52d84a9854d5e31364310ac79746099;3.9.2;2023-09-25;1df4e1f;2023-07-26;70ae7649;2023-09-22;filter, parser, deduplicator, istex, crossref, sudoc, hal, enhancer, geolocalizer, cut, on-campus-counter, qualifier, anonymizer;;;;FR;49.233;5.9655;46076b6214ee4cb2508de6164883eb9be3244ff5;;https://nouveau.europresse.com:443/Pdf/ImageList?docName=pdf%C2%B720230916%C2%B7EQ_P%C2%B726;200;1243
2023-09-16T12:09:35+02:00;2023-09-16;5b62e0adb3ae542a6837cfb923c3c83b8159a566;ebscohost;EbscoHost;EBSCO Publishing;SEARCH;HTML;;;;;;;;web.s.ebscohost.com;N;f61d7a1cbf021bce8a9c22ce2c2fef96fa79fd10;3.9.2;2023-09-25;1df4e1f;2023-07-26;70ae7649;2023-09-22;filter, parser, deduplicator, istex, crossref, sudoc, hal, enhancer, geolocalizer, cut, on-campus-counter, qualifier, anonymizer;;;;FR;45.748;4.85;115df32eade2e361c0d354f80b6b3f7be383a9da;;https://web.s.ebscohost.com:443/ehost/search/selectdb?vid=0&sid=c40650a2-429e-47fa-8be5-3746000cc78d%40redis;200;46014
2023-09-16T12:09:57+02:00;2023-09-16;e077b3d7e48aa74d8356e36819375bca17c17c16;dalloz;Dalloz;Dalloz;;HTML;;;;;;;ENCY/PCIV/RUB000083/2018-11/PLAN/0181;www.dalloz.fr;N;dae5b8db67c76cd9a1946f4cba6f33c8a273b332;3.9.2;2023-09-25;1df4e1f;2023-07-26;70ae7649;2023-09-22;filter, parser, deduplicator, istex, crossref, sudoc, hal, enhancer, geolocalizer, cut, on-campus-counter, qualifier, anonymizer;;;;FR;48.8582;2.3387;0446f664bd1088abc2a622d71a5ff82cf33d995d;;https://www.dalloz.fr:443/documentation/Document?id=ENCY/PCIV/RUB000083/2018-11/PLAN/0181&ctxt=0_YSR0MD05NC0yMDMwMsKneCRzZj1zaW1wbGUtc2VhcmNo&ctxtl=0_cyRwYWdlTnVtPTHCp3MkdHJpZGF0ZT1GYWxzZcKncyRzb3J0PSNkZWZhdWx0X0Rlc2PCp3Mkc2xOYlBhZz0yMMKncyRpc2Fibz1UcnVlwqdzJHBhZ2luZz1UcnVlwqdzJG9uZ2xldD3Cp3MkZnJlZXNjb3BlPUZhbHNlwqdzJHdvSVM9RmFsc2XCp3Mkd29TUENIPUZhbHNlwqdzJGZsb3dNb2RlPUZhbHNlwqdzJGJxPcKncyRzZWFyY2hMYWJlbD3Cp3Mkc2VhcmNoQ2xhc3M9&scrll=ENCY/PCIV/RUB000083/2018-11/PARA/416;200;271811
2023-09-16T12:10:03+02:00;2023-09-16;e077b3d7e48aa74d8356e36819375bca17c17c16;dalloz;Dalloz;Dalloz;;HTML;;;;;;;ENCY/PCIV/RUB000083/2018-11/PLAN/0181;www.dalloz.fr;N;7f9a82ffcc47fc4992407cdc229373e5b869ea6d;3.9.2;2023-09-25;1df4e1f;2023-07-26;70ae7649;2023-09-22;filter, parser, deduplicator, istex, crossref, sudoc, hal, enhancer, geolocalizer, cut, on-campus-counter, qualifier, anonymizer;;;;FR;48.8582;2.3387;0446f664bd1088abc2a622d71a5ff82cf33d995d;;https://www.dalloz.fr:443/documentation/Document?ed=etudiants&id=ENCY%2FPCIV%2FRUB000083%2F2018-11%2FPLAN%2F0181&ctxt=0_YSR0MD05NC0yMDMwMsKneCRzZj1zaW1wbGUtc2VhcmNo&ctxtl=0_cyRwYWdlTnVtPTHCp3MkdHJpZGF0ZT1GYWxzZcKncyRzb3J0PSNkZWZhdWx0X0Rlc2PCp3Mkc2xOYlBhZz0yMMKncyRpc2Fibz1UcnVlwqdzJHBhZ2luZz1UcnVlwqdzJG9uZ2xldD3Cp3MkZnJlZXNjb3BlPUZhbHNlwqdzJHdvSVM9RmFsc2XCp3Mkd29TUENIPUZhbHNlwqdzJGZsb3dNb2RlPUZhbHNlwqdzJGJxPcKncyRzZWFyY2hMYWJlbD3Cp3Mkc2VhcmNoQ2xhc3M9&scrll=ENCY%2FPCIV%2FRUB000083%2F2018-11%2FPARA%2F416;200;286839
2023-09-16T12:11:07+02:00;2023-09-16;e077b3d7e48aa74d8356e36819375bca17c17c16;dalloz;Dalloz;Dalloz;;HTML;;;;;;;DZ/ACTION/PROCEDURE-CIVILE/2020/L06-T62-C622/PLAN/0019;www.dalloz.fr;N;749e942575712471654cecf608d8d57522e8bf32;3.9.2;2023-09-25;1df4e1f;2023-07-26;70ae7649;2023-09-22;filter, parser, deduplicator, istex, crossref, sudoc, hal, enhancer, geolocalizer, cut, on-campus-counter, qualifier, anonymizer;;;;FR;48.8582;2.3387;0446f664bd1088abc2a622d71a5ff82cf33d995d;;https://www.dalloz.fr:443/documentation/Document?ctxt=0_YSR0MD05NC0yMDMwMsKneCRzZj1zaW1wbGUtc2VhcmNo&ctxtl=0_cyRwYWdlTnVtPTHCp3MkdHJpZGF0ZT1GYWxzZcKncyRzb3J0PSNkZWZhdWx0X0Rlc2PCp3Mkc2xOYlBhZz0yMMKncyRpc2Fibz1UcnVlwqdzJHBhZ2luZz1UcnVlwqdzJG9uZ2xldD3Cp3MkZnJlZXNjb3BlPUZhbHNlwqdzJHdvSVM9RmFsc2XCp3Mkd29TUENIPUZhbHNlwqdzJGZsb3dNb2RlPUZhbHNlwqdzJGJxPcKncyRzZWFyY2hMYWJlbD3Cp3Mkc2VhcmNoQ2xhc3M9&id=DZ%2FACTION%2FPROCEDURE-CIVILE%2F2020%2FL06-T62-C622%2FPLAN%2F0019;200;288115
2023-09-16T12:11:38+02:00;2023-09-16;e077b3d7e48aa74d8356e36819375bca17c17c16;dalloz;Dalloz;Dalloz;;HTML;;;;;;;ENCY/PCIV/RUB000109/2020-11/PLAN/0062;www.dalloz.fr;N;de23150e05ea593ef8b7f1051726298f4b22590a;3.9.2;2023-09-25;1df4e1f;2023-07-26;70ae7649;2023-09-22;filter, parser, deduplicator, istex, crossref, sudoc, hal, enhancer, geolocalizer, cut, on-campus-counter, qualifier, anonymizer;;;;FR;48.8582;2.3387;0446f664bd1088abc2a622d71a5ff82cf33d995d;;https://www.dalloz.fr:443/documentation/Document?ctxt=0_YSR0MD05NC0yMDMwMsKneCRzZj1zaW1wbGUtc2VhcmNo&ctxtl=0_cyRwYWdlTnVtPTHCp3MkdHJpZGF0ZT1GYWxzZcKncyRzb3J0PSNkZWZhdWx0X0Rlc2PCp3Mkc2xOYlBhZz0yMMKncyRpc2Fibz1UcnVlwqdzJHBhZ2luZz1UcnVlwqdzJG9uZ2xldD3Cp3MkZnJlZXNjb3BlPUZhbHNlwqdzJHdvSVM9RmFsc2XCp3Mkd29TUENIPUZhbHNlwqdzJGZsb3dNb2RlPUZhbHNlwqdzJGJxPcKncyRzZWFyY2hMYWJlbD3Cp3Mkc2VhcmNoQ2xhc3M9&id=ENCY%2FPCIV%2FRUB000109%2F2020-11%2FPLAN%2F0062;200;277446
2023-09-16T12:13:04+02:00;2023-09-16;715fa8072f541c64dc0d58ee522c0b790d0444fb;dalloz;Dalloz;Dalloz;;HTML;;;;;;;AJFAM;www.dalloz.fr;N;8b844f0a2606506c6e3d510e6f20947c0aa5c2e6;3.9.2;2023-09-25;1df4e1f;2023-07-26;70ae7649;2023-09-22;filter, parser, deduplicator, istex, crossref, sudoc, hal, enhancer, geolocalizer, cut, on-campus-counter, qualifier, anonymizer;;;;FR;48.8582;2.3387;5dc9ef1355e05f4b641971039297f274660a2f20;;https://www.dalloz.fr:443/documentation/Document?id=AJFAM;200;286328
2023-09-16T12:14:06+02:00;2023-09-16;715fa8072f541c64dc0d58ee522c0b790d0444fb;dalloz;Dalloz;Dalloz;;HTML;;;;;;;AJFAM/CHRON/2021/0779;www.dalloz.fr;N;4e62783b1664d7f39601dcec69ae24b0811dd3ff;3.9.2;2023-09-25;1df4e1f;2023-07-26;70ae7649;2023-09-22;filter, parser, deduplicator, istex, crossref, sudoc, hal, enhancer, geolocalizer, cut, on-campus-counter, qualifier, anonymizer;;;;FR;48.8582;2.3387;5dc9ef1355e05f4b641971039297f274660a2f20;;https://www.dalloz.fr:443/documentation/Document?ctxt=0_YSR0MD10cmFuc2NyaXB0aW9uIMOpdGF0IGNpdmlswqdyJGVvPSJBSkZBTSLCp3IkZWQ9IkFKRkFNX0NIUk9OXzIwMjNfMDQyMSLCp3gkc2Y9ZHotcmV2dWVz&ctxtl=0_cyRwYWdlTnVtPTHCp3MkdHJpZGF0ZT1GYWxzZcKncyRzb3J0PSNkZWZhdWx0X0Rlc2PCp3Mkc2xOYlBhZz0yMMKncyRpc2Fibz1UcnVlwqdzJHBhZ2luZz1UcnVlwqdzJG9uZ2xldD3Cp3MkZnJlZXNjb3BlPUZhbHNlwqdzJHdvSVM9RmFsc2XCp3Mkd29TUENIPUZhbHNlwqdzJGZsb3dNb2RlPUZhbHNlwqdzJGJxPcKncyRzZWFyY2hMYWJlbD3Cp3Mkc2VhcmNoQ2xhc3M9&id=AJFAM%2FCHRON%2F2021%2F0779;200;290393
2023-09-16T12:14:43+02:00;2023-09-16;5b62e0adb3ae542a6837cfb923c3c83b8159a566;europresse;Europresse;CEDROM-SNi;SEARCH;HTML;;;;;;;;nouveau.europresse.com;N;d890bb7c239c9fc4f63ae4a34863043c991b5a91;3.9.2;2023-09-25;1df4e1f;2023-07-26;70ae7649;2023-09-22;filter, parser, deduplicator, istex, crossref, sudoc, hal, enhancer, geolocalizer, cut, on-campus-counter, qualifier, anonymizer;;;;FR;45.748;4.85;115df32eade2e361c0d354f80b6b3f7be383a9da;;https://nouveau.europresse.com:443/Search/ResultMobile;200;86511
2023-09-16T12:15:15+02:00;2023-09-16;5b62e0adb3ae542a6837cfb923c3c83b8159a566;europresse;Europresse;CEDROM-SNi;SEARCH;HTML;;;;;;;;nouveau.europresse.com;N;d40e6a2fde58d3a29c04d2a02cb6430efe25d773;3.9.2;2023-09-25;1df4e1f;2023-07-26;70ae7649;2023-09-22;filter, parser, deduplicator, istex, crossref, sudoc, hal, enhancer, geolocalizer, cut, on-campus-counter, qualifier, anonymizer;;;;FR;45.748;4.85;115df32eade2e361c0d354f80b6b3f7be383a9da;;https://nouveau.europresse.com:443/Search/ResultMobile;200;47829
2023-09-16T12:16:26+02:00;2023-09-16;5b62e0adb3ae542a6837cfb923c3c83b8159a566;europresse;Europresse;CEDROM-SNi;SEARCH;HTML;;;;;;;;nouveau.europresse.com;N;b2b43be6b6b52212c71f8a85c5bc37b4db91e19b;3.9.2;2023-09-25;1df4e1f;2023-07-26;70ae7649;2023-09-22;filter, parser, deduplicator, istex, crossref, sudoc, hal, enhancer, geolocalizer, cut, on-campus-counter, qualifier, anonymizer;;;;FR;45.748;4.85;115df32eade2e361c0d354f80b6b3f7be383a9da;;https://nouveau.europresse.com:443/Search/ResultMobile;200;44208
2023-09-16T12:17:01+02:00;2023-09-16;5b62e0adb3ae542a6837cfb923c3c83b8159a566;europresse;Europresse;CEDROM-SNi;SEARCH;HTML;;;;;;;;nouveau.europresse.com;N;8031c9461af3ea663c3adfa36e76b9627db984f6;3.9.2;2023-09-25;1df4e1f;2023-07-26;70ae7649;2023-09-22;filter, parser, deduplicator, istex, crossref, sudoc, hal, enhancer, geolocalizer, cut, on-campus-counter, qualifier, anonymizer;;;;FR;45.748;4.85;115df32eade2e361c0d354f80b6b3f7be383a9da;;https://nouveau.europresse.com:443/Search/ResultMobile;200;87260
2023-09-16T12:17:47+02:00;2023-09-16;5b62e0adb3ae542a6837cfb923c3c83b8159a566;europresse;Europresse;CEDROM-SNi;ARTICLE;PDF;;;;;;;pdf·20230916·NIC_P·1;nouveau.europresse.com;N;3cfdce11f754441e003267b1df827b64a3ccdcc9;3.9.2;2023-09-25;1df4e1f;2023-07-26;70ae7649;2023-09-22;filter, parser, deduplicator, istex, crossref, sudoc, hal, enhancer, geolocalizer, cut, on-campus-counter, qualifier, anonymizer;;;;FR;45.748;4.85;115df32eade2e361c0d354f80b6b3f7be383a9da;;https://nouveau.europresse.com:443/Pdf/ImageList?docName=pdf%C2%B720230916%C2%B7NIC_P%C2%B71;200;1243
2023-09-16T12:17:55+02:00;2023-09-16;715fa8072f541c64dc0d58ee522c0b790d0444fb;dalloz;Dalloz;Dalloz;;HTML;;;;;;;AJFAM;www.dalloz.fr;N;cec1ec1ea508c5bcd3c64160b437c45c050def57;3.9.2;2023-09-25;1df4e1f;2023-07-26;70ae7649;2023-09-22;filter, parser, deduplicator, istex, crossref, sudoc, hal, enhancer, geolocalizer, cut, on-campus-counter, qualifier, anonymizer;;;;FR;48.8582;2.3387;5dc9ef1355e05f4b641971039297f274660a2f20;;https://www.dalloz.fr:443/documentation/Document?id=AJFAM;200;287166
2023-09-16T12:19:24+02:00;2023-09-16;5b62e0adb3ae542a6837cfb923c3c83b8159a566;europresse;Europresse;CEDROM-SNi;ARTICLE;PDF;;;;;;;pdf·20230916·NIC_P·2;nouveau.europresse.com;N;e51ec22fed8c07c5fdd0c8d5fddddfaa7f98cb00;3.9.2;2023-09-25;1df4e1f;2023-07-26;70ae7649;2023-09-22;filter, parser, deduplicator, istex, crossref, sudoc, hal, enhancer, geolocalizer, cut, on-campus-counter, qualifier, anonymizer;;;;FR;45.748;4.85;115df32eade2e361c0d354f80b6b3f7be383a9da;;https://nouveau.europresse.com:443/Pdf/ImageList?docName=pdf%C2%B720230916%C2%B7NIC_P%C2%B72;200;1243
2023-09-16T12:19:46+02:00;2023-09-16;5b62e0adb3ae542a6837cfb923c3c83b8159a566;europresse;Europresse;CEDROM-SNi;ARTICLE;PDF;;;;;;;pdf·20230916·NIC_P·3;nouveau.europresse.com;N;b42613f49a9b39c8452001b717daf639ab62607d;3.9.2;2023-09-25;1df4e1f;2023-07-26;70ae7649;2023-09-22;filter, parser, deduplicator, istex, crossref, sudoc, hal, enhancer, geolocalizer, cut, on-campus-counter, qualifier, anonymizer;;;;FR;45.748;4.85;115df32eade2e361c0d354f80b6b3f7be383a9da;;https://nouveau.europresse.com:443/Pdf/ImageList?docName=pdf%C2%B720230916%C2%B7NIC_P%C2%B73;200;1243
2023-09-16T12:20:13+02:00;2023-09-16;5b62e0adb3ae542a6837cfb923c3c83b8159a566;europresse;Europresse;CEDROM-SNi;ARTICLE;PDF;;;;;;;pdf·20230916·NIC_P·4;nouveau.europresse.com;N;283660c1cff55991aec822c0b9053d561492b6ee;3.9.2;2023-09-25;1df4e1f;2023-07-26;70ae7649;2023-09-22;filter, parser, deduplicator, istex, crossref, sudoc, hal, enhancer, geolocalizer, cut, on-campus-counter, qualifier, anonymizer;;;;FR;45.748;4.85;115df32eade2e361c0d354f80b6b3f7be383a9da;;https://nouveau.europresse.com:443/Pdf/ImageList?docName=pdf%C2%B720230916%C2%B7NIC_P%C2%B74;200;1243
2023-09-16T12:23:01+02:00;2023-09-16;5b62e0adb3ae542a6837cfb923c3c83b8159a566;europresse;Europresse;CEDROM-SNi;ARTICLE;PDF;;;;;;;pdf·20230916·NIC_P·5;nouveau.europresse.com;N;0e7d7298e8cb1c96d951cccfac45b901dfaee49c;3.9.2;2023-09-25;1df4e1f;2023-07-26;70ae7649;2023-09-22;filter, parser, deduplicator, istex, crossref, sudoc, hal, enhancer, geolocalizer, cut, on-campus-counter, qualifier, anonymizer;;;;FR;45.748;4.85;115df32eade2e361c0d354f80b6b3f7be383a9da;;https://nouveau.europresse.com:443/Pdf/ImageList?docName=pdf%C2%B720230916%C2%B7NIC_P%C2%B75;200;1242
2023-09-16T12:23:45+02:00;2023-09-16;715fa8072f541c64dc0d58ee522c0b790d0444fb;dalloz;Dalloz;Dalloz;;HTML;;;;;;;CASS_LIEUVIDE_2020-07-08_1915088;www.dalloz.fr;N;5210c648daedc08944a28f8cc8754ccf4dea1e03;3.9.2;2023-09-25;1df4e1f;2023-07-26;70ae7649;2023-09-22;filter, parser, deduplicator, istex, crossref, sudoc, hal, enhancer, geolocalizer, cut, on-campus-counter, qualifier, anonymizer;;;;FR;48.8582;2.3387;5dc9ef1355e05f4b641971039297f274660a2f20;;https://www.dalloz.fr:443/documentation/Document?id=CASS_LIEUVIDE_2020-07-08_1915088&FromId=AJFAM_CHRON_2021_0779;200;253645
2023-09-16T12:25:01+02:00;2023-09-16;715fa8072f541c64dc0d58ee522c0b790d0444fb;dalloz;Dalloz;Dalloz;;HTML;;;;;;;CASS_LIEUVIDE_2019-10-04_1019053;www.dalloz.fr;N;361b836316c8115ba8caa9724ce1ebb9a3786128;3.9.2;2023-09-25;1df4e1f;2023-07-26;70ae7649;2023-09-22;filter, parser, deduplicator, istex, crossref, sudoc, hal, enhancer, geolocalizer, cut, on-campus-counter, qualifier, anonymizer;;;;FR;48.8582;2.3387;5dc9ef1355e05f4b641971039297f274660a2f20;;https://www.dalloz.fr:443/documentation/Document?id=CASS_LIEUVIDE_2019-10-04_1019053&FromId=AJFAM_CHRON_2021_0779;200;253857
2023-09-16T12:25:59+02:00;2023-09-16;5b62e0adb3ae542a6837cfb923c3c83b8159a566;europresse;Europresse;CEDROM-SNi;ARTICLE;PDF;;;;;;;pdf·20230916·NIC_P·6;nouveau.europresse.com;N;87037856fdd88d624aa477970563df4faa3f7425;3.9.2;2023-09-25;1df4e1f;2023-07-26;70ae7649;2023-09-22;filter, parser, deduplicator, istex, crossref, sudoc, hal, enhancer, geolocalizer, cut, on-campus-counter, qualifier, anonymizer;;;;FR;45.748;4.85;115df32eade2e361c0d354f80b6b3f7be383a9da;;https://nouveau.europresse.com:443/Pdf/ImageList?docName=pdf%C2%B720230916%C2%B7NIC_P%C2%B76;200;1243
2023-09-16T12:26:08+02:00;2023-09-16;5b62e0adb3ae542a6837cfb923c3c83b8159a566;europresse;Europresse;CEDROM-SNi;ARTICLE;PDF;;;;;;;pdf·20230916·NIC_P·7;nouveau.europresse.com;N;f72a2ba8d3a8cd5b81d9384f3b9981b8a73664a8;3.9.2;2023-09-25;1df4e1f;2023-07-26;70ae7649;2023-09-22;filter, parser, deduplicator, istex, crossref, sudoc, hal, enhancer, geolocalizer, cut, on-campus-counter, qualifier, anonymizer;;;;FR;45.748;4.85;115df32eade2e361c0d354f80b6b3f7be383a9da;;https://nouveau.europresse.com:443/Pdf/ImageList?docName=pdf%C2%B720230916%C2%B7NIC_P%C2%B77;200;1243
2023-09-16T12:26:27+02:00;2023-09-16;5b62e0adb3ae542a6837cfb923c3c83b8159a566;europresse;Europresse;CEDROM-SNi;ARTICLE;PDF;;;;;;;pdf·20230916·NIC_P·8;nouveau.europresse.com;N;1052cadecc88976b2dda676729f6b9eaf8216d26;3.9.2;2023-09-25;1df4e1f;2023-07-26;70ae7649;2023-09-22;filter, parser, deduplicator, istex, crossref, sudoc, hal, enhancer, geolocalizer, cut, on-campus-counter, qualifier, anonymizer;;;;FR;45.748;4.85;115df32eade2e361c0d354f80b6b3f7be383a9da;;https://nouveau.europresse.com:443/Pdf/ImageList?docName=pdf%C2%B720230916%C2%B7NIC_P%C2%B78;200;1243
2023-09-16T12:26:48+02:00;2023-09-16;5b62e0adb3ae542a6837cfb923c3c83b8159a566;europresse;Europresse;CEDROM-SNi;ARTICLE;PDF;;;;;;;pdf·20230916·NIC_P·9;nouveau.europresse.com;N;f35f7b3b90daa075d17472aff8060237b1ecbaa5;3.9.2;2023-09-25;1df4e1f;2023-07-26;70ae7649;2023-09-22;filter, parser, deduplicator, istex, crossref, sudoc, hal, enhancer, geolocalizer, cut, on-campus-counter, qualifier, anonymizer;;;;FR;45.748;4.85;115df32eade2e361c0d354f80b6b3f7be383a9da;;https://nouveau.europresse.com:443/Pdf/ImageList?docName=pdf%C2%B720230916%C2%B7NIC_P%C2%B79;200;1243
2023-09-16T12:27:05+02:00;2023-09-16;715fa8072f541c64dc0d58ee522c0b790d0444fb;dalloz;Dalloz;Dalloz;;HTML;;;;;;;CASS_LIEUVIDE_2019-12-18_1811815;www.dalloz.fr;N;7e19a6a5bfcf16c0c81526c7f676ca2323bac174;3.9.2;2023-09-25;1df4e1f;2023-07-26;70ae7649;2023-09-22;filter, parser, deduplicator, istex, crossref, sudoc, hal, enhancer, geolocalizer, cut, on-campus-counter, qualifier, anonymizer;;;;FR;48.8582;2.3387;5dc9ef1355e05f4b641971039297f274660a2f20;;https://www.dalloz.fr:443/documentation/Document?id=CASS_LIEUVIDE_2019-12-18_1811815&FromId=AJFAM_CHRON_2021_0779;200;254120
2023-09-16T12:28:13+02:00;2023-09-16;5b62e0adb3ae542a6837cfb923c3c83b8159a566;europresse;Europresse;CEDROM-SNi;ARTICLE;PDF;;;;;;;pdf·20230916·NIC_P·10;nouveau.europresse.com;N;60eb2f5b9dbebaf12efadf524c49c29c7451865e;3.9.2;2023-09-25;1df4e1f;2023-07-26;70ae7649;2023-09-22;filter, parser, deduplicator, istex, crossref, sudoc, hal, enhancer, geolocalizer, cut, on-campus-counter, qualifier, anonymizer;;;;FR;45.748;4.85;115df32eade2e361c0d354f80b6b3f7be383a9da;;https://nouveau.europresse.com:443/Pdf/ImageList?docName=pdf%C2%B720230916%C2%B7NIC_P%C2%B710;200;1242
2023-09-16T12:28:27+02:00;2023-09-16;5b62e0adb3ae542a6837cfb923c3c83b8159a566;europresse;Europresse;CEDROM-SNi;ARTICLE;PDF;;;;;;;pdf·20230916·NIC_P·11;nouveau.europresse.com;N;b87a63dc49e72da0d52beb912e10e050a6637e2d;3.9.2;2023-09-25;1df4e1f;2023-07-26;70ae7649;2023-09-22;filter, parser, deduplicator, istex, crossref, sudoc, hal, enhancer, geolocalizer, cut, on-campus-counter, qualifier, anonymizer;;;;FR;45.748;4.85;115df32eade2e361c0d354f80b6b3f7be383a9da;;https://nouveau.europresse.com:443/Pdf/ImageList?docName=pdf%C2%B720230916%C2%B7NIC_P%C2%B711;200;1243
2023-09-16T12:28:57+02:00;2023-09-16;fc661974f0e9e8bf15b794dbfd513835430313a7;dalloz;Dalloz;Dalloz;;HTML;;;;;;;REVDIP/CHRON/2014/0070;www.dalloz.fr;N;97da0fe2505e442fba80a3ce482d2c04ba314ddd;3.9.2;2023-09-25;1df4e1f;2023-07-26;70ae7649;2023-09-22;filter, parser, deduplicator, istex, crossref, sudoc, hal, enhancer, geolocalizer, cut, on-campus-counter, qualifier, anonymizer;;;;FR;48.8543;2.3527;31547256424ec5af2a6ceb687135705cac4084e4;;https://www.dalloz.fr:443/documentation/Document?ctxt=0_YSR0MD0gY29udHJhdCBkZSBjb25jZXNzaW9uIGV4Y2x1c2l2ZcKneCRzZj1zaW1wbGUtc2VhcmNo&ctxtl=0_cyRwYWdlTnVtPTHCp3MkdHJpZGF0ZT1GYWxzZcKncyRzb3J0PSNkZWZhdWx0X0Rlc2PCp3Mkc2xOYlBhZz0yMMKncyRpc2Fibz1UcnVlwqdzJHBhZ2luZz1UcnVlwqdzJG9uZ2xldD3Cp3MkZnJlZXNjb3BlPUZhbHNlwqdzJHdvSVM9RmFsc2XCp3Mkd29TUENIPUZhbHNlwqdzJGZsb3dNb2RlPUZhbHNlwqdzJGJxPcKncyRzZWFyY2hMYWJlbD3Cp3Mkc2VhcmNoQ2xhc3M9&id=REVDIP%2FCHRON%2F2014%2F0070;200;300905
2023-09-16T12:29:15+02:00;2023-09-16;5b62e0adb3ae542a6837cfb923c3c83b8159a566;europresse;Europresse;CEDROM-SNi;ARTICLE;PDF;;;;;;;pdf·20230916·NIC_P·12;nouveau.europresse.com;N;c4c5daa312dbe85ca353daba185041be640a25dd;3.9.2;2023-09-25;1df4e1f;2023-07-26;70ae7649;2023-09-22;filter, parser, deduplicator, istex, crossref, sudoc, hal, enhancer, geolocalizer, cut, on-campus-counter, qualifier, anonymizer;;;;FR;45.748;4.85;115df32eade2e361c0d354f80b6b3f7be383a9da;;https://nouveau.europresse.com:443/Pdf/ImageList?docName=pdf%C2%B720230916%C2%B7NIC_P%C2%B712;200;1242
2023-09-16T12:29:27+02:00;2023-09-16;5b62e0adb3ae542a6837cfb923c3c83b8159a566;europresse;Europresse;CEDROM-SNi;ARTICLE;PDF;;;;;;;pdf·20230916·NIC_P·13;nouveau.europresse.com;N;8a18b6132b19a2cb188404c6e832a82d929f0764;3.9.2;2023-09-25;1df4e1f;2023-07-26;70ae7649;2023-09-22;filter, parser, deduplicator, istex, crossref, sudoc, hal, enhancer, geolocalizer, cut, on-campus-counter, qualifier, anonymizer;;;;FR;45.748;4.85;115df32eade2e361c0d354f80b6b3f7be383a9da;;https://nouveau.europresse.com:443/Pdf/ImageList?docName=pdf%C2%B720230916%C2%B7NIC_P%C2%B713;200;1243
2023-09-16T12:29:29+02:00;2023-09-16;715fa8072f541c64dc0d58ee522c0b790d0444fb;dalloz;Dalloz;Dalloz;;HTML;;;;;;;CASS_LIEUVIDE_2019-12-18_1811815;www.dalloz.fr;N;3a27599e69d93f18081aa162fc50f48df025cba5;3.9.2;2023-09-25;1df4e1f;2023-07-26;70ae7649;2023-09-22;filter, parser, deduplicator, istex, crossref, sudoc, hal, enhancer, geolocalizer, cut, on-campus-counter, qualifier, anonymizer;;;;FR;48.8582;2.3387;5dc9ef1355e05f4b641971039297f274660a2f20;;https://www.dalloz.fr:443/documentation/Document?id=CASS_LIEUVIDE_2019-12-18_1811815&FromId=AJFAM_CHRON_2021_0779;200;254120
2023-09-16T12:29:44+02:00;2023-09-16;715fa8072f541c64dc0d58ee522c0b790d0444fb;dalloz;Dalloz;Dalloz;;HTML;;;;;;;CASS_LIEUVIDE_2020-03-18_1815368;www.dalloz.fr;N;18b654f6c9e66657d9f96dfc65a6963c8e207af7;3.9.2;2023-09-25;1df4e1f;2023-07-26;70ae7649;2023-09-22;filter, parser, deduplicator, istex, crossref, sudoc, hal, enhancer, geolocalizer, cut, on-campus-counter, qualifier, anonymizer;;;;FR;48.8582;2.3387;5dc9ef1355e05f4b641971039297f274660a2f20;;https://www.dalloz.fr:443/documentation/Document?id=CASS_LIEUVIDE_2020-03-18_1815368&FromId=AJFAM_CHRON_2021_0779;200;253952
2023-09-16T12:30:42+02:00;2023-09-16;5b62e0adb3ae542a6837cfb923c3c83b8159a566;europresse;Europresse;CEDROM-SNi;ARTICLE;PDF;;;;;;;pdf·20230916·NIC_P·14;nouveau.europresse.com;N;7c626e738e5f416471fed3419623dbf8ff8794a2;3.9.2;2023-09-25;1df4e1f;2023-07-26;70ae7649;2023-09-22;filter, parser, deduplicator, istex, crossref, sudoc, hal, enhancer, geolocalizer, cut, on-campus-counter, qualifier, anonymizer;;;;FR;45.748;4.85;115df32eade2e361c0d354f80b6b3f7be383a9da;;https://nouveau.europresse.com:443/Pdf/ImageList?docName=pdf%C2%B720230916%C2%B7NIC_P%C2%B714;200;1243
2023-09-16T12:33:12+02:00;2023-09-16;fc661974f0e9e8bf15b794dbfd513835430313a7;dalloz;Dalloz;Dalloz;;HTML;;;;;;;DZ/OASIS/000495;www.dalloz.fr;N;dca8b81eb47b9c59656b3dec57077e5df196cd1c;3.9.2;2023-09-25;1df4e1f;2023-07-26;70ae7649;2023-09-22;filter, parser, deduplicator, istex, crossref, sudoc, hal, enhancer, geolocalizer, cut, on-campus-counter, qualifier, anonymizer;;;;FR;48.8543;2.3527;31547256424ec5af2a6ceb687135705cac4084e4;;https://www.dalloz.fr:443/documentation/Document?ctxt=0_YSR0MD0gY29udHJhdCBkZSBjb25jZXNzaW9uIGV4Y2x1c2l2ZcKneCRzZj1zaW1wbGUtc2VhcmNo&ctxtl=0_cyRwYWdlTnVtPTHCp3MkdHJpZGF0ZT1GYWxzZcKncyRzb3J0PSNkZWZhdWx0X0Rlc2PCp3Mkc2xOYlBhZz0yMMKncyRpc2Fibz1UcnVlwqdzJHBhZ2luZz1UcnVlwqdzJG9uZ2xldD3Cp3MkZnJlZXNjb3BlPUZhbHNlwqdzJHdvSVM9RmFsc2XCp3Mkd29TUENIPUZhbHNlwqdzJGZsb3dNb2RlPUZhbHNlwqdzJGJxPcKncyRzZWFyY2hMYWJlbD3Cp3Mkc2VhcmNoQ2xhc3M9wqdzJHo9MERCRkM4REIvMDhDQzYyOTQ%3D&id=DZ%2FOASIS%2F000495;200;294496
2023-09-16T12:36:32+02:00;2023-09-16;fc661974f0e9e8bf15b794dbfd513835430313a7;dalloz;Dalloz;Dalloz;;HTML;;;;;;;COMR;www.dalloz.fr;N;d9bb5dded0424219ca68b83351f00e51fbfdd480;3.9.2;2023-09-25;1df4e1f;2023-07-26;70ae7649;2023-09-22;filter, parser, deduplicator, istex, crossref, sudoc, hal, enhancer, geolocalizer, cut, on-campus-counter, qualifier, anonymizer;;;;FR;48.8543;2.3527;31547256424ec5af2a6ceb687135705cac4084e4;;https://www.dalloz.fr:443/documentation/Document?id=COMR;200;266091
2023-09-16T12:38:20+02:00;2023-09-16;fc661974f0e9e8bf15b794dbfd513835430313a7;dalloz;Dalloz;Dalloz;;HTML;;;;;;;CIV;www.dalloz.fr;N;f5405ae4093a9d404ac93cec5f9778520cc125bb;3.9.2;2023-09-25;1df4e1f;2023-07-26;70ae7649;2023-09-22;filter, parser, deduplicator, istex, crossref, sudoc, hal, enhancer, geolocalizer, cut, on-campus-counter, qualifier, anonymizer;;;;FR;48.8543;2.3527;31547256424ec5af2a6ceb687135705cac4084e4;;https://www.dalloz.fr:443/documentation/Document?id=CIV;200;266031
2023-09-16T12:39:22+02:00;2023-09-16;fc661974f0e9e8bf15b794dbfd513835430313a7;dalloz;Dalloz;Dalloz;;HTML;;;;;;;ENCY/CIV/RUB000238/2017-07/PLAN002;www.dalloz.fr;N;7335f27af6650a510c8754957229b0e4e9f56fa7;3.9.2;2023-09-25;1df4e1f;2023-07-26;70ae7649;2023-09-22;filter, parser, deduplicator, istex, crossref, sudoc, hal, enhancer, geolocalizer, cut, on-campus-counter, qualifier, anonymizer;;;;FR;48.8543;2.3527;31547256424ec5af2a6ceb687135705cac4084e4;;https://www.dalloz.fr:443/documentation/Document?id=ENCY%2FCIV%2FRUB000238%2F2017-07%2FPLAN002&FromId=CIV_DOC_1;200;271672
2023-09-16T12:39:53+02:00;2023-09-16;715fa8072f541c64dc0d58ee522c0b790d0444fb;dalloz;Dalloz;Dalloz;;HTML;;;;;;;CA_PARIS_2016-04-14_1418449;www.dalloz.fr;N;f00aa9efef3fdc5bd5139296d51a7e44f6ba9fcc;3.9.2;2023-09-25;1df4e1f;2023-07-26;70ae7649;2023-09-22;filter, parser, deduplicator, istex, crossref, sudoc, hal, enhancer, geolocalizer, cut, on-campus-counter, qualifier, anonymizer;;;;FR;48.8582;2.3387;5dc9ef1355e05f4b641971039297f274660a2f20;;https://www.dalloz.fr:443/documentation/Document?id=CA_PARIS_2016-04-14_1418449&ctxt=0_YSR0MD1jb3VyIGQnYXBwZWwgZGUgUGFyaXMgMjAvMTg0NDnCp3gkc2Y9c2ltcGxlLXNlYXJjaA==;200;253355
2023-09-16T12:46:47+02:00;2023-09-16;715fa8072f541c64dc0d58ee522c0b790d0444fb;dalloz;Dalloz;Dalloz;;HTML;;;;;;;RECUEIL/CHRON/2022/1281;www.dalloz.fr;N;b6cfa774de5c3befc194723a379d6d12261e3109;3.9.2;2023-09-25;1df4e1f;2023-07-26;70ae7649;2023-09-22;filter, parser, deduplicator, istex, crossref, sudoc, hal, enhancer, geolocalizer, cut, on-campus-counter, qualifier, anonymizer;;;;FR;48.8582;2.3387;5dc9ef1355e05f4b641971039297f274660a2f20;;https://www.dalloz.fr:443/documentation/Document?id=RECUEIL%2FCHRON%2F2022%2F1281;200;305596
2023-09-16T12:58:46+02:00;2023-09-16;bf201b0e5fc2ea8b9ac1e7bbb43f9bd01dbfac62;cairn;CAIRN;Cairn;ARTICLE;HTML;0035-1733;1760-7620;revue-de-science-criminelle-et-de-droit-penal-compare;;Revue de science criminelle et de droit pénal comparé;2017;revue-de-science-criminelle-et-de-droit-penal-compare-2017-2-page-261;www.cairn.info;N;a2b2275b408f4d02a1dab1abf9edeb3a7a3b778c;3.9.2;2023-09-25;1df4e1f;2023-07-26;70ae7649;2023-09-22;filter, parser, deduplicator, istex, crossref, sudoc, hal, enhancer, geolocalizer, cut, on-campus-counter, qualifier, anonymizer;;;;FR;48.4631;7.481;6eb326b69736591e980dda8ed184e2d54d6d4a8f;;https://www.cairn.info:443/revue-de-science-criminelle-et-de-droit-penal-compare-2017-2-page-261.htm;200;174737
2023-09-16T12:58:52+02:00;2023-09-16;bf201b0e5fc2ea8b9ac1e7bbb43f9bd01dbfac62;cairn;CAIRN;Cairn;ARTICLE;PDF;;;RSC;;;;RSC_1702_0261;www.cairn.info;N;a51f7aa07c4f6957754ce8d17704bb146f055e51;3.9.2;2023-09-25;1df4e1f;2023-07-26;70ae7649;2023-09-22;filter, parser, deduplicator, istex, crossref, sudoc, hal, enhancer, geolocalizer, cut, on-campus-counter, qualifier, anonymizer;;;;FR;48.4631;7.481;6eb326b69736591e980dda8ed184e2d54d6d4a8f;;https://www.cairn.info:443/load_pdf.php?ID_ARTICLE=RSC_1702_0261&download=1;200;342346
2023-09-16T12:59:29+02:00;2023-09-16;0d035060dbc2e2d9a1d44cb657554e1f3472ce37;dalloz;Dalloz;Dalloz;;HTML;;;;;;;RECUEIL/CHRON/2010/0474;www.dalloz.fr;N;382a52b1e28331f05bb42bd81b93e689e1def434;3.9.2;2023-09-25;1df4e1f;2023-07-26;70ae7649;2023-09-22;filter, parser, deduplicator, istex, crossref, sudoc, hal, enhancer, geolocalizer, cut, on-campus-counter, qualifier, anonymizer;;;;FR;43.7254;5.5479;6c5d9044cc1f8150a0f0d1de552c5e635f02b334;;https://www.dalloz.fr:443/documentation/Document?ctxt=0_YSR0MD1kZSByZXNwZWN0YWJsZXMgY2FkYXZyZXPCp3gkc2Y9c2ltcGxlLXNlYXJjaA%3D%3D&ctxtl=0_cyRwYWdlTnVtPTHCp3MkdHJpZGF0ZT1GYWxzZcKncyRzb3J0PSNkZWZhdWx0X0Rlc2PCp3Mkc2xOYlBhZz0yMMKncyRpc2Fibz1UcnVlwqdzJHBhZ2luZz1UcnVlwqdzJG9uZ2xldD3Cp3MkZnJlZXNjb3BlPUZhbHNlwqdzJHdvSVM9RmFsc2XCp3Mkd29TUENIPUZhbHNlwqdzJGZsb3dNb2RlPUZhbHNlwqdzJGJxPcKncyRzZWFyY2hMYWJlbD3Cp3Mkc2VhcmNoQ2xhc3M9&id=RECUEIL%2FCHRON%2F2010%2F0474;200;323496
2023-09-16T13:05:01+02:00;2023-09-16;0d035060dbc2e2d9a1d44cb657554e1f3472ce37;dalloz;Dalloz;Dalloz;;HTML;;;;;;;RECUEIL;www.dalloz.fr;N;5ae9bf015cb7d1cd73db7bf98b9713dfd67ede8e;3.9.2;2023-09-25;1df4e1f;2023-07-26;70ae7649;2023-09-22;filter, parser, deduplicator, istex, crossref, sudoc, hal, enhancer, geolocalizer, cut, on-campus-counter, qualifier, anonymizer;;;;FR;43.7254;5.5479;6c5d9044cc1f8150a0f0d1de552c5e635f02b334;;https://www.dalloz.fr:443/documentation/Document?id=RECUEIL;200;305534
2023-09-16T13:05:21+02:00;2023-09-16;0d035060dbc2e2d9a1d44cb657554e1f3472ce37;dalloz;Dalloz;Dalloz;;HTML;;;;;;;RECUEIL;www.dalloz.fr;N;6428cd1ad1c3851f77d8d2de46a72d0b70241b2d;3.9.2;2023-09-25;1df4e1f;2023-07-26;70ae7649;2023-09-22;filter, parser, deduplicator, istex, crossref, sudoc, hal, enhancer, geolocalizer, cut, on-campus-counter, qualifier, anonymizer;;;;FR;43.7254;5.5479;6c5d9044cc1f8150a0f0d1de552c5e635f02b334;;https://www.dalloz.fr:443/documentation/Document?id=RECUEIL;200;304742
2023-09-16T13:05:36+02:00;2023-09-16;0d035060dbc2e2d9a1d44cb657554e1f3472ce37;dalloz;Dalloz;Dalloz;;HTML;;;;;;;RECUEIL;www.dalloz.fr;N;32e251bff84cfc5a091fc707456c65441b2f209b;3.9.2;2023-09-25;1df4e1f;2023-07-26;70ae7649;2023-09-22;filter, parser, deduplicator, istex, crossref, sudoc, hal, enhancer, geolocalizer, cut, on-campus-counter, qualifier, anonymizer;;;;FR;43.7254;5.5479;6c5d9044cc1f8150a0f0d1de552c5e635f02b334;;https://www.dalloz.fr:443/documentation/Document?id=RECUEIL;200;304688
2023-09-16T13:06:01+02:00;2023-09-16;0d035060dbc2e2d9a1d44cb657554e1f3472ce37;dalloz;Dalloz;Dalloz;;HTML;;;;;;;RECUEIL/CHRON/2010/0317;www.dalloz.fr;N;83f4fac2acafdc2c1c55c9a989d55252e30ec5a4;3.9.2;2023-09-25;1df4e1f;2023-07-26;70ae7649;2023-09-22;filter, parser, deduplicator, istex, crossref, sudoc, hal, enhancer, geolocalizer, cut, on-campus-counter, qualifier, anonymizer;;;;FR;43.7254;5.5479;6c5d9044cc1f8150a0f0d1de552c5e635f02b334;;https://www.dalloz.fr:443/documentation/Document?ctxt=0_YSR0MD0yMDEwIHAgMTUyMsKnciRlbz0iUkVDVUVJTCLCp3IkZWQ9IlJFQ1VFSUxfQ0hST05fMjAyM18xMzA3IsKneCRzZj1kei1yZXZ1ZXM%3D&ctxtl=0_cyRwYWdlTnVtPTHCp3MkdHJpZGF0ZT1GYWxzZcKncyRzb3J0PSNkZWZhdWx0X0Rlc2PCp3Mkc2xOYlBhZz0yMMKncyRpc2Fibz1UcnVlwqdzJHBhZ2luZz1UcnVlwqdzJG9uZ2xldD3Cp3MkZnJlZXNjb3BlPUZhbHNlwqdzJHdvSVM9RmFsc2XCp3Mkd29TUENIPUZhbHNlwqdzJGZsb3dNb2RlPUZhbHNlwqdzJGJxPcKncyRzZWFyY2hMYWJlbD3Cp3Mkc2VhcmNoQ2xhc3M9wqdzJHo9REFURS8yMDEw&id=RECUEIL%2FCHRON%2F2010%2F0317;200;333989
2023-09-16T13:13:19+02:00;2023-09-16;b36b5b6bb0ee8f6caf45f33b210252006f49b312;europresse;Europresse;CEDROM-SNi;SEARCH;HTML;;;;;;;;nouveau.europresse.com;N;459cd7a7177d64a508476431eedbe21c11e1d0b1;3.9.2;2023-09-25;1df4e1f;2023-07-26;70ae7649;2023-09-22;filter, parser, deduplicator, istex, crossref, sudoc, hal, enhancer, geolocalizer, cut, on-campus-counter, qualifier, anonymizer;;;;FR;43.2832;5.3718;9a9fc071ef362d39179da58d1e940f12f17cc549;;https://nouveau.europresse.com:443/Search/ResultMobile;200;41643
2023-09-16T13:13:30+02:00;2023-09-16;b36b5b6bb0ee8f6caf45f33b210252006f49b312;europresse;Europresse;CEDROM-SNi;SEARCH;HTML;;;;;;;;nouveau.europresse.com;N;47ca04afb7207f3a6879921254630b977cd1ff71;3.9.2;2023-09-25;1df4e1f;2023-07-26;70ae7649;2023-09-22;filter, parser, deduplicator, istex, crossref, sudoc, hal, enhancer, geolocalizer, cut, on-campus-counter, qualifier, anonymizer;;;;FR;43.2832;5.3718;9a9fc071ef362d39179da58d1e940f12f17cc549;;https://nouveau.europresse.com:443/Search/ResultMobile;200;41872
2023-09-16T13:13:36+02:00;2023-09-16;b36b5b6bb0ee8f6caf45f33b210252006f49b312;europresse;Europresse;CEDROM-SNi;ARTICLE;HTML;0395-2037;;LM;;Le Monde;;news·20230918·LM·202309182×20×21156203349;nouveau.europresse.com;N;7645b8551768de66cb2380129f95b1b05fa9fdd3;3.9.2;2023-09-25;1df4e1f;2023-07-26;70ae7649;2023-09-22;filter, parser, deduplicator, istex, crossref, sudoc, hal, enhancer, geolocalizer, cut, on-campus-counter, qualifier, anonymizer;;;;FR;43.2832;5.3718;9a9fc071ef362d39179da58d1e940f12f17cc549;;https://nouveau.europresse.com:443/Document/ViewMobile?docKey=news%C2%B720230918%C2%B7LM%C2%B7202309182%C3%9720%C3%9721156203349&fromBasket=false&viewEvent=1&invoiceCode=;200;39159
2023-09-16T13:21:37+02:00;2023-09-16;0d035060dbc2e2d9a1d44cb657554e1f3472ce37;dalloz;Dalloz;Dalloz;;HTML;;;;;;;RECUEIL/JURIS/2010/0851;www.dalloz.fr;N;2beb0be8f084e08a0a50ad7799f7039bf50cc385;3.9.2;2023-09-25;1df4e1f;2023-07-26;70ae7649;2023-09-22;filter, parser, deduplicator, istex, crossref, sudoc, hal, enhancer, geolocalizer, cut, on-campus-counter, qualifier, anonymizer;;;;FR;43.7254;5.5479;6c5d9044cc1f8150a0f0d1de552c5e635f02b334;;https://www.dalloz.fr:443/documentation/Document?id=RECUEIL%2FJURIS%2F2010%2F0851&ctxt=0_YSR0MD0yMDEwIHAgMTUyMsKnciRlbz0iUkVDVUVJTCLCp3IkZWQ9IlJFQ1VFSUxfQ0hST05fMjAyM18xMzA3IsKneCRzZj1kei1yZXZ1ZXM%3D&ctxtl=0_cyRwYWdlTnVtPTHCp3MkdHJpZGF0ZT1GYWxzZcKncyRzb3J0PSNkZWZhdWx0X0Rlc2PCp3Mkc2xOYlBhZz0yMMKncyRpc2Fibz1UcnVlwqdzJHBhZ2luZz1UcnVlwqdzJG9uZ2xldD3Cp3MkZnJlZXNjb3BlPUZhbHNlwqdzJHdvSVM9RmFsc2XCp3Mkd29TUENIPUZhbHNlwqdzJGZsb3dNb2RlPUZhbHNlwqdzJGJxPcKncyRzZWFyY2hMYWJlbD3Cp3Mkc2VhcmNoQ2xhc3M9wqdzJHo9REFURS8yMDEw;200;320347
2023-09-16T13:21:46+02:00;2023-09-16;0d035060dbc2e2d9a1d44cb657554e1f3472ce37;dalloz;Dalloz;Dalloz;;HTML;;;;;;;CCIV;www.dalloz.fr;N;558e5ea5a9d09d658a311898c972923955613faa;3.9.2;2023-09-25;1df4e1f;2023-07-26;70ae7649;2023-09-22;filter, parser, deduplicator, istex, crossref, sudoc, hal, enhancer, geolocalizer, cut, on-campus-counter, qualifier, anonymizer;;;;FR;43.7254;5.5479;6c5d9044cc1f8150a0f0d1de552c5e635f02b334;;https://www.dalloz.fr:443/documentation/Document?id=CCIV;200;270565
2023-09-16T13:35:11+02:00;2023-09-16;b36b5b6bb0ee8f6caf45f33b210252006f49b312;europresse;Europresse;CEDROM-SNi;SEARCH;HTML;;;;;;;;nouveau.europresse.com;N;eb5cd532290d6948b153b2d952c187cbbd3326ea;3.9.2;2023-09-25;1df4e1f;2023-07-26;70ae7649;2023-09-22;filter, parser, deduplicator, istex, crossref, sudoc, hal, enhancer, geolocalizer, cut, on-campus-counter, qualifier, anonymizer;;;;FR;43.2832;5.3718;9a9fc071ef362d39179da58d1e940f12f17cc549;;https://nouveau.europresse.com:443/Search/ResultMobile;200;41961
2023-09-16T13:35:44+02:00;2023-09-16;b36b5b6bb0ee8f6caf45f33b210252006f49b312;europresse;Europresse;CEDROM-SNi;ARTICLE;HTML;2416-8793;;OB;;L'Obs;;news·20230831·OB·190212466;nouveau.europresse.com;N;44edd4d29dfe6d08d7608bb0654bbb4f45460ec4;3.9.2;2023-09-25;1df4e1f;2023-07-26;70ae7649;2023-09-22;filter, parser, deduplicator, istex, crossref, sudoc, hal, enhancer, geolocalizer, cut, on-campus-counter, qualifier, anonymizer;;;;FR;43.2832;5.3718;9a9fc071ef362d39179da58d1e940f12f17cc549;;https://nouveau.europresse.com:443/Document/ViewMobile?docKey=news%C2%B720230831%C2%B7OB%C2%B7190212466&fromBasket=false&viewEvent=1&invoiceCode=;200;39323
2023-09-16T13:35:57+02:00;2023-09-16;b36b5b6bb0ee8f6caf45f33b210252006f49b312;europresse;Europresse;CEDROM-SNi;ARTICLE;HTML;2416-8793;;OB;;L'Obs;;news·20230831·OB·190212450;nouveau.europresse.com;N;e0b88af795cd926953cbbd1ba26dfc575a0f8d6e;3.9.2;2023-09-25;1df4e1f;2023-07-26;70ae7649;2023-09-22;filter, parser, deduplicator, istex, crossref, sudoc, hal, enhancer, geolocalizer, cut, on-campus-counter, qualifier, anonymizer;;;;FR;43.2832;5.3718;9a9fc071ef362d39179da58d1e940f12f17cc549;;https://nouveau.europresse.com:443/Document/ViewMobile?docKey=news%C2%B720230831%C2%B7OB%C2%B7190212450&fromBasket=false&viewEvent=1&invoiceCode=;200;56492
2023-09-16T14:26:04+02:00;2023-09-16;85540496325b1df4db41c22b27c35949a7c89852;dalloz;Dalloz;Dalloz;;HTML;;;;;;;ACTU0182507;www.dalloz.fr;N;ce1dc9a7989802ab3eeca607a174e9ba901fba8d;3.9.2;2023-09-25;1df4e1f;2023-07-26;70ae7649;2023-09-22;filter, parser, deduplicator, istex, crossref, sudoc, hal, enhancer, geolocalizer, cut, on-campus-counter, qualifier, anonymizer;;;;FR;42.4085;9.4796;f23799e329a22fed4a1df2ed630bde8a453e6389;;https://www.dalloz.fr:443/documentation/Document?ctxt=0_YSR0MD1MZSBwb3NzaWJsZSBzaWxlbmNlIGR1IGp1Z2UgZOKAmWluc3RydWN0aW9uIHN1ciBs4oCZaWRlbnRpdMOpIGRlcyB0w6ltb2lucyBhdmFudCBsYSByw6lhbGlzYXRpb24gZOKAmXVuZSBjb25mcm9udGF0aW9uwqd4JHNmPXNpbXBsZS1zZWFyY2g%3D&ctxtl=0_cyRwYWdlTnVtPTHCp3MkdHJpZGF0ZT1GYWxzZcKncyRzb3J0PSNkZWZhdWx0X0Rlc2PCp3Mkc2xOYlBhZz0yMMKncyRpc2Fibz1UcnVlwqdzJHBhZ2luZz1UcnVlwqdzJG9uZ2xldD3Cp3MkZnJlZXNjb3BlPUZhbHNlwqdzJHdvSVM9RmFsc2XCp3Mkd29TUENIPUZhbHNlwqdzJGZsb3dNb2RlPUZhbHNlwqdzJGJxPcKncyRzZWFyY2hMYWJlbD3Cp3Mkc2VhcmNoQ2xhc3M9&id=ACTU0182507;200;298967
2023-09-16T14:26:14+02:00;2023-09-16;3aa7ab24935d7efd44b2c82d0eec8a5645c76514;ebscohost;EBSCO Discovery Service;EBSCO Publishing;TOC;HTML;;;;;;;;eds.p.ebscohost.com;N;b42bc56ccea7d6099a14125eebe64ab8d52fbe52;3.9.2;2023-09-25;1df4e1f;2023-07-26;70ae7649;2023-09-22;filter, parser, deduplicator, istex, crossref, sudoc, hal, enhancer, geolocalizer, cut, on-campus-counter, qualifier, anonymizer;;;;FR;48.9098;2.4501;e08377434e8b85652195463bbad4a860eb0adcdd;;https://eds.p.ebscohost.com:443/eds/results?vid=0&sid=de6c5738-0ac6-4d40-8e30-31d12ee646be%40redis&bquery=Que%2Breste-t-il%2Bde%2Bla%2Bd%25c3%25a9fense%2Bsociale%2Bnouvelle%2B%253f&bdata=Jmxhbmc9ZnImdHlwZT0wJnNlYXJjaE1vZGU9QW5kJnNpdGU9ZWRzLWxpdmU%3d;200;217789
2023-09-16T14:26:25+02:00;2023-09-16;3aa7ab24935d7efd44b2c82d0eec8a5645c76514;ebscohost;EBSCO Discovery Service;EBSCO Publishing;RECORD_VIEW;HTML;;;;;;;;eds.p.ebscohost.com;N;67750b021d25d3c3b7c4d591bb3b1d4ccfb4020f;3.9.2;2023-09-25;1df4e1f;2023-07-26;70ae7649;2023-09-22;filter, parser, deduplicator, istex, crossref, sudoc, hal, enhancer, geolocalizer, cut, on-campus-counter, qualifier, anonymizer;;;;FR;48.9098;2.4501;e08377434e8b85652195463bbad4a860eb0adcdd;;https://eds.p.ebscohost.com:443/eds/detail/detail?vid=1&sid=de6c5738-0ac6-4d40-8e30-31d12ee646be%40redis&bdata=Jmxhbmc9ZnImc2l0ZT1lZHMtbGl2ZQ%3d%3d;200;67317
2023-09-16T14:27:13+02:00;2023-09-16;85540496325b1df4db41c22b27c35949a7c89852;dalloz;Dalloz;Dalloz;;HTML;;;;;;;ENCY/PCIV/RUB000083/2018-11/PLAN/0183;www.dalloz.fr;N;53f9c507f0343d14ca9503f5cab979d67076dd05;3.9.2;2023-09-25;1df4e1f;2023-07-26;70ae7649;2023-09-22;filter, parser, deduplicator, istex, crossref, sudoc, hal, enhancer, geolocalizer, cut, on-campus-counter, qualifier, anonymizer;;;;FR;42.4085;9.4796;f23799e329a22fed4a1df2ed630bde8a453e6389;;https://www.dalloz.fr:443/documentation/Document?ctxt=0_YSR0MD1uwrA5NC0yMC4zMDLCp3gkc2Y9c2ltcGxlLXNlYXJjaA%3D%3D&ctxtl=0_cyRwYWdlTnVtPTHCp3MkdHJpZGF0ZT1GYWxzZcKncyRzb3J0PSNkZWZhdWx0X0Rlc2PCp3Mkc2xOYlBhZz0yMMKncyRpc2Fibz1UcnVlwqdzJHBhZ2luZz1UcnVlwqdzJG9uZ2xldD3Cp3MkZnJlZXNjb3BlPUZhbHNlwqdzJHdvSVM9RmFsc2XCp3Mkd29TUENIPUZhbHNlwqdzJGZsb3dNb2RlPUZhbHNlwqdzJGJxPcKncyRzZWFyY2hMYWJlbD3Cp3Mkc2VhcmNoQ2xhc3M9&id=ENCY%2FPCIV%2FRUB000083%2F2018-11%2FPLAN%2F0183;200;286010
2023-09-16T14:27:14+02:00;2023-09-16;3aa7ab24935d7efd44b2c82d0eec8a5645c76514;cairn;CAIRN;Cairn;ARTICLE;HTML;0035-1733;1760-7620;revue-de-science-criminelle-et-de-droit-penal-compare;;Revue de science criminelle et de droit pénal comparé;2017;revue-de-science-criminelle-et-de-droit-penal-compare-2017-2-page-261;www.cairn.info;N;c5d2dd6331952bb9e5568be305df2ec941be69ce;3.9.2;2023-09-25;1df4e1f;2023-07-26;70ae7649;2023-09-22;filter, parser, deduplicator, istex, crossref, sudoc, hal, enhancer, geolocalizer, cut, on-campus-counter, qualifier, anonymizer;;;;FR;48.9098;2.4501;e08377434e8b85652195463bbad4a860eb0adcdd;;https://www.cairn.info:443/revue-de-science-criminelle-et-de-droit-penal-compare-2017-2-page-261.htm;200;174706
2023-09-16T14:27:28+02:00;2023-09-16;3aa7ab24935d7efd44b2c82d0eec8a5645c76514;cairn;CAIRN;Cairn;ARTICLE;PDF;;;RSC;;;;RSC_1702_0261;www.cairn.info;N;b65a208c88b76e570bf4985ef23b4172b512ccc4;3.9.2;2023-09-25;1df4e1f;2023-07-26;70ae7649;2023-09-22;filter, parser, deduplicator, istex, crossref, sudoc, hal, enhancer, geolocalizer, cut, on-campus-counter, qualifier, anonymizer;;;;FR;48.9098;2.4501;e08377434e8b85652195463bbad4a860eb0adcdd;;https://www.cairn.info:443/load_pdf.php?ID_ARTICLE=RSC_1702_0261&download=1;200;342346
2023-09-16T14:30:31+02:00;2023-09-16;fec57b28b640e71cc34e83807a0fbe3abd004b18;europresse;Europresse;CEDROM-SNi;SEARCH;HTML;;;;;;;;nouveau.europresse.com;N;48365269c93245bdd3c8caea9e963085da5ac837;3.9.2;2023-09-25;1df4e1f;2023-07-26;70ae7649;2023-09-22;filter, parser, deduplicator, istex, crossref, sudoc, hal, enhancer, geolocalizer, cut, on-campus-counter, qualifier, anonymizer;;;;FR;41.9189;8.7381;5a7f899341ef05ac766f8c19640c27c06b51bde5;;https://nouveau.europresse.com:443/Search/ResultMobile;200;86624
2023-09-16T14:32:38+02:00;2023-09-16;85540496325b1df4db41c22b27c35949a7c89852;dalloz;Dalloz;Dalloz;;HTML;;;;;;;ENCY/PCIV/RUB000109/2020-11/PLAN/0093;www.dalloz.fr;N;25f55f1317539b0db74677f7b162746c469ea3ce;3.9.2;2023-09-25;1df4e1f;2023-07-26;70ae7649;2023-09-22;filter, parser, deduplicator, istex, crossref, sudoc, hal, enhancer, geolocalizer, cut, on-campus-counter, qualifier, anonymizer;;;;FR;42.4085;9.4796;f23799e329a22fed4a1df2ed630bde8a453e6389;;https://www.dalloz.fr:443/documentation/Document?ctxt=0_YSR0MD1uwrA5NC0yMC4zMDLCp3gkc2Y9c2ltcGxlLXNlYXJjaA%3D%3D&ctxtl=0_cyRwYWdlTnVtPTHCp3MkdHJpZGF0ZT1GYWxzZcKncyRzb3J0PSNkZWZhdWx0X0Rlc2PCp3Mkc2xOYlBhZz0yMMKncyRpc2Fibz1UcnVlwqdzJHBhZ2luZz1UcnVlwqdzJG9uZ2xldD3Cp3MkZnJlZXNjb3BlPUZhbHNlwqdzJHdvSVM9RmFsc2XCp3Mkd29TUENIPUZhbHNlwqdzJGZsb3dNb2RlPUZhbHNlwqdzJGJxPcKncyRzZWFyY2hMYWJlbD3Cp3Mkc2VhcmNoQ2xhc3M9&id=ENCY%2FPCIV%2FRUB000109%2F2020-11%2FPLAN%2F0093;200;279748
2023-09-16T14:33:42+02:00;2023-09-16;361627e20390aae04678e27f11b5729208d6bdc3;universalis;Encyclopædia Universalis;Encyclopædia Universalis;ENCYCLOPAEDIA_ENTRY;HTML;;;;;;;/encyclopedie/hans-christian-andersen;www.universalis-edu.com;N;8ee6bf4dfda86dc14532a17ccf0929eba321e719;3.9.2;2023-09-25;1df4e1f;2023-07-26;70ae7649;2023-09-22;filter, parser, deduplicator, istex, crossref, sudoc, hal, enhancer, geolocalizer, cut, on-campus-counter, qualifier, anonymizer;;;;FR;48.8582;2.3387;4a8960b2e3304d38e4d42d2860228bbbde0767b0;;https://www.universalis-edu.com:443/encyclopedie/hans-christian-andersen;200;89339
2023-09-16T14:34:24+02:00;2023-09-16;de153e1880cca26d7c84b3d5eaa756882ede711d;britannica;Britannica;;ENCYCLOPAEDIA_ENTRY;HTML;;;;;;;ajax;academic.eb.com;N;853bbaaa032ed87867f1316f6c1ba4a985cd6ba3;3.9.2;2023-09-25;1df4e1f;2023-07-26;70ae7649;2023-09-22;filter, parser, deduplicator, istex, crossref, sudoc, hal, enhancer, geolocalizer, cut, on-campus-counter, qualifier, anonymizer;;;;FR;42.7028;9.45;f1030ab992add1086135189a8abe3f553b113988;;https://academic.eb.com:443/levels/collegiate/components/ajax;200;31276
2023-09-16T14:34:27+02:00;2023-09-16;de153e1880cca26d7c84b3d5eaa756882ede711d;britannica;Britannica;;ENCYCLOPAEDIA_ENTRY;HTML;;;;;;;autocomplete;academic.eb.com;N;d3415e3ce9afc463396d48ce2108d5641c6ef954;3.9.2;2023-09-25;1df4e1f;2023-07-26;70ae7649;2023-09-22;filter, parser, deduplicator, istex, crossref, sudoc, hal, enhancer, geolocalizer, cut, on-campus-counter, qualifier, anonymizer;;;;FR;42.7028;9.45;f1030ab992add1086135189a8abe3f553b113988;;https://academic.eb.com:443/levels/collegiate/search/autocomplete?term=innov&_=1694867661017;200;1732
2023-09-16T14:34:31+02:00;2023-09-16;de153e1880cca26d7c84b3d5eaa756882ede711d;britannica;Britannica;;ENCYCLOPAEDIA_ENTRY;HTML;;;;;;;innovation;academic.eb.com;N;19c48bcb33aa839e250677db73a07f24729fee9f;3.9.2;2023-09-25;1df4e1f;2023-07-26;70ae7649;2023-09-22;filter, parser, deduplicator, istex, crossref, sudoc, hal, enhancer, geolocalizer, cut, on-campus-counter, qualifier, anonymizer;;;;FR;42.7028;9.45;f1030ab992add1086135189a8abe3f553b113988;;https://academic.eb.com:443/levels/collegiate/article/innovation/607243;200;65827
2023-09-16T14:36:02+02:00;2023-09-16;de153e1880cca26d7c84b3d5eaa756882ede711d;ebscohost;EBSCO Discovery Service;EBSCO Publishing;SEARCH;HTML;;;;;;;;eds.p.ebscohost.com;N;5ae221863bb426c281f587bbba064b7ca7efbcd6;3.9.2;2023-09-25;1df4e1f;2023-07-26;70ae7649;2023-09-22;filter, parser, deduplicator, istex, crossref, sudoc, hal, enhancer, geolocalizer, cut, on-campus-counter, qualifier, anonymizer;;;;FR;42.7028;9.45;f1030ab992add1086135189a8abe3f553b113988;;https://eds.p.ebscohost.com:443/eds/search/advanced?vid=0&sid=a7351726-0d60-47e6-96ee-ea11454fc01c%40redis;200;78782
2023-09-16T14:58:56+02:00;2023-09-16;3c97ceb2ddf64319796efc2f5e4a3a0c7bac883e;dalloz;Dalloz;Dalloz;;HTML;;;;;;;RECUEIL/CHRON/2018/0530;www.dalloz.fr;N;dae868516acc47c5bd49e46218bd039c286525e6;3.9.2;2023-09-25;1df4e1f;2023-07-26;70ae7649;2023-09-22;filter, parser, deduplicator, istex, crossref, sudoc, hal, enhancer, geolocalizer, cut, on-campus-counter, qualifier, anonymizer;;;;FR;43.2832;5.3718;3e5b16962f253bbc483204640953bbec2a828237;;https://www.dalloz.fr:443/documentation/Document?ctxt=0_YSR0MD1sYSByZWZvcm1lIGRlIGxhIHByb2PDqWR1cmUgY2l2aWxlIDogdW4gY2hhbnRpZXIgZGUgZMOpbW9saXRpb27Cp3gkc2Y9c2ltcGxlLXNlYXJjaA%3D%3D&ctxtl=0_cyRwYWdlTnVtPTHCp3MkdHJpZGF0ZT1GYWxzZcKncyRzb3J0PSNkZWZhdWx0X0Rlc2PCp3Mkc2xOYlBhZz0yMMKncyRpc2Fibz1UcnVlwqdzJHBhZ2luZz1UcnVlwqdzJG9uZ2xldD3Cp3MkZnJlZXNjb3BlPUZhbHNlwqdzJHdvSVM9RmFsc2XCp3Mkd29TUENIPUZhbHNlwqdzJGZsb3dNb2RlPUZhbHNlwqdzJGJxPcKncyRzZWFyY2hMYWJlbD3Cp3Mkc2VhcmNoQ2xhc3M9&id=RECUEIL%2FCHRON%2F2018%2F0530;200;320478
2023-09-16T15:28:10+02:00;2023-09-16;b4b623012d2651d39a8b325d1fefdd9752d6c1b8;dalloz;Dalloz;Dalloz;;HTML;;;;;;;ENCY/PCIV/RUB000109/2020-11/PLAN/0062;www.dalloz.fr;N;1085449f7938ac7818eb4e1ab36c786cf79865cc;3.9.2;2023-09-25;1df4e1f;2023-07-26;70ae7649;2023-09-22;filter, parser, deduplicator, istex, crossref, sudoc, hal, enhancer, geolocalizer, cut, on-campus-counter, qualifier, anonymizer;;;;FR;48.8582;2.3387;0446f664bd1088abc2a622d71a5ff82cf33d995d;;https://www.dalloz.fr:443/documentation/Document?id=ENCY%2FPCIV%2FRUB000109%2F2020-11%2FPLAN%2F0062&ctxt=0_YSR0MD05NC0yMDMwMsKneCRzZj1zaW1wbGUtc2VhcmNo&ctxtl=0_cyRwYWdlTnVtPTHCp3MkdHJpZGF0ZT1GYWxzZcKncyRzb3J0PSNkZWZhdWx0X0Rlc2PCp3Mkc2xOYlBhZz0yMMKncyRpc2Fibz1UcnVlwqdzJHBhZ2luZz1UcnVlwqdzJG9uZ2xldD3Cp3MkZnJlZXNjb3BlPUZhbHNlwqdzJHdvSVM9RmFsc2XCp3Mkd29TUENIPUZhbHNlwqdzJGZsb3dNb2RlPUZhbHNlwqdzJGJxPcKncyRzZWFyY2hMYWJlbD3Cp3Mkc2VhcmNoQ2xhc3M9&scrll=ENCY%2FPCIV%2FRUB000109%2F2020-11%2FPARA%2F223;200;262824
2023-09-16T15:28:15+02:00;2023-09-16;b4b623012d2651d39a8b325d1fefdd9752d6c1b8;dalloz;Dalloz;Dalloz;;HTML;;;;;;;ENCY/PCIV/RUB000109/2020-11/PLAN/0062;www.dalloz.fr;N;e32d821a91222347fe94c7af09c8cadfcf320fcb;3.9.2;2023-09-25;1df4e1f;2023-07-26;70ae7649;2023-09-22;filter, parser, deduplicator, istex, crossref, sudoc, hal, enhancer, geolocalizer, cut, on-campus-counter, qualifier, anonymizer;;;;FR;48.8582;2.3387;0446f664bd1088abc2a622d71a5ff82cf33d995d;;https://www.dalloz.fr:443/documentation/Document?ed=etudiants&id=ENCY%2FPCIV%2FRUB000109%2F2020-11%2FPLAN%2F0062&ctxt=0_YSR0MD05NC0yMDMwMsKneCRzZj1zaW1wbGUtc2VhcmNo&ctxtl=0_cyRwYWdlTnVtPTHCp3MkdHJpZGF0ZT1GYWxzZcKncyRzb3J0PSNkZWZhdWx0X0Rlc2PCp3Mkc2xOYlBhZz0yMMKncyRpc2Fibz1UcnVlwqdzJHBhZ2luZz1UcnVlwqdzJG9uZ2xldD3Cp3MkZnJlZXNjb3BlPUZhbHNlwqdzJHdvSVM9RmFsc2XCp3Mkd29TUENIPUZhbHNlwqdzJGZsb3dNb2RlPUZhbHNlwqdzJGJxPcKncyRzZWFyY2hMYWJlbD3Cp3Mkc2VhcmNoQ2xhc3M9&scrll=ENCY%2FPCIV%2FRUB000109%2F2020-11%2FPARA%2F223;200;277832
2023-09-16T15:31:15+02:00;2023-09-16;3c97ceb2ddf64319796efc2f5e4a3a0c7bac883e;lextenso;Lextenso;Lextenso éditions;TOC;HTML;0242-6331;;GPL;;Gazette du Palais;;GPL201618;www.labase-lextenso.fr;N;315cda2f0563360cc861a6e6eafd59c2f04f56eb;3.9.2;2023-09-25;1df4e1f;2023-07-26;70ae7649;2023-09-22;filter, parser, deduplicator, istex, crossref, sudoc, hal, enhancer, geolocalizer, cut, on-campus-counter, qualifier, anonymizer;;;;FR;43.2832;5.3718;3e5b16962f253bbc483204640953bbec2a828237;;https://www.labase-lextenso.fr:443/revue/GPL/2016/18;200;142118
2023-09-16T15:31:53+02:00;2023-09-16;b4b623012d2651d39a8b325d1fefdd9752d6c1b8;dalloz;Dalloz;Dalloz;;HTML;;;;;;;ENCY/PCIV/RUB000083/2018-11/PLAN/0181;www.dalloz.fr;N;fa453346cec3f2be2d8b1c196f80e36728bbcdcc;3.9.2;2023-09-25;1df4e1f;2023-07-26;70ae7649;2023-09-22;filter, parser, deduplicator, istex, crossref, sudoc, hal, enhancer, geolocalizer, cut, on-campus-counter, qualifier, anonymizer;;;;FR;48.8582;2.3387;0446f664bd1088abc2a622d71a5ff82cf33d995d;;https://www.dalloz.fr:443/documentation/Document?id=ENCY/PCIV/RUB000083/2018-11/PLAN/0181&ctxt=0_YSR0MD05NC0yMDMwMsKneCRzZj1zaW1wbGUtc2VhcmNo&ctxtl=0_cyRwYWdlTnVtPTHCp3MkdHJpZGF0ZT1GYWxzZcKncyRzb3J0PSNkZWZhdWx0X0Rlc2PCp3Mkc2xOYlBhZz0yMMKncyRpc2Fibz1UcnVlwqdzJHBhZ2luZz1UcnVlwqdzJG9uZ2xldD3Cp3MkZnJlZXNjb3BlPUZhbHNlwqdzJHdvSVM9RmFsc2XCp3Mkd29TUENIPUZhbHNlwqdzJGZsb3dNb2RlPUZhbHNlwqdzJGJxPcKncyRzZWFyY2hMYWJlbD3Cp3Mkc2VhcmNoQ2xhc3M9&scrll=ENCY/PCIV/RUB000083/2018-11/PARA/416;200;285709
2023-09-16T15:54:49+02:00;2023-09-16;0d035060dbc2e2d9a1d44cb657554e1f3472ce37;dalloz;Dalloz;Dalloz;;HTML;;;;;;;CCIV008522;www.dalloz.fr;N;3f10c75fd7164e6693f79c76b7afdf01d7d88f00;3.9.2;2023-09-25;1df4e1f;2023-07-26;70ae7649;2023-09-22;filter, parser, deduplicator, istex, crossref, sudoc, hal, enhancer, geolocalizer, cut, on-campus-counter, qualifier, anonymizer;;;;FR;43.7254;5.5479;6c5d9044cc1f8150a0f0d1de552c5e635f02b334;;https://www.dalloz.fr:443/documentation/Document?id=CCIV008522;200;305474
2023-09-16T16:22:34+02:00;2023-09-16;b36cff12e653d0a081c3b296d98ff34b0c01394e;dalloz;Dalloz;Dalloz;;HTML;;;;;;;CA_GRENOBLE_2014-05-26_1105538;www.dalloz.fr;N;e4bfb85afb3c1c6f1645e453443dfc976b271939;3.9.2;2023-09-25;1df4e1f;2023-07-26;70ae7649;2023-09-22;filter, parser, deduplicator, istex, crossref, sudoc, hal, enhancer, geolocalizer, cut, on-campus-counter, qualifier, anonymizer;;;;FR;48.4348;0.0931;f3d99940ff5631e859aa27cbec4230a1dd1387f8;;https://www.dalloz.fr:443/documentation/Document?ctxt=0_YSR0MD1kZW1hbmRlIGTDqWxhaXMgZGUgcGFpZW1lbnQgdmVudGUgaW1tb2JpbGnDqHJlwqd4JHNmPXNpbXBsZS1zZWFyY2g%3D&ctxtl=0_cyRwYWdlTnVtPTHCp3MkdHJpZGF0ZT1GYWxzZcKncyRzb3J0PSNkZWZhdWx0X0Rlc2PCp3Mkc2xOYlBhZz0yMMKncyRpc2Fibz1UcnVlwqdzJHBhZ2luZz1UcnVlwqdzJG9uZ2xldD3Cp3MkZnJlZXNjb3BlPUZhbHNlwqdzJHdvSVM9RmFsc2XCp3Mkd29TUENIPUZhbHNlwqdzJGZsb3dNb2RlPUZhbHNlwqdzJGJxPcKncyRzZWFyY2hMYWJlbD3Cp3Mkc2VhcmNoQ2xhc3M9wqdzJHo9MERCRkM4REIvMThFMDY2NDNgMThFMDY2NDMvQjU4NDZDM0U%3D&id=CA_GRENOBLE_2014-05-26_1105538;200;270360
2023-09-16T16:22:34+02:00;2023-09-16;b36cff12e653d0a081c3b296d98ff34b0c01394e;dalloz;Dalloz;Dalloz;;HTML;;;;;;;CA_CHAMBERY_2023-04-11_2100328;www.dalloz.fr;N;e91479b125bb1e0bbbb2a725c5d547beb188542f;3.9.2;2023-09-25;1df4e1f;2023-07-26;70ae7649;2023-09-22;filter, parser, deduplicator, istex, crossref, sudoc, hal, enhancer, geolocalizer, cut, on-campus-counter, qualifier, anonymizer;;;;FR;48.4348;0.0931;f3d99940ff5631e859aa27cbec4230a1dd1387f8;;https://www.dalloz.fr:443/documentation/Document?ctxt=0_YSR0MD1kZW1hbmRlIGTDqWxhaXMgZGUgcGFpZW1lbnQgdmVudGUgaW1tb2JpbGnDqHJlwqd4JHNmPXNpbXBsZS1zZWFyY2g%3D&ctxtl=0_cyRwYWdlTnVtPTHCp3MkdHJpZGF0ZT1GYWxzZcKncyRzb3J0PSNkZWZhdWx0X0Rlc2PCp3Mkc2xOYlBhZz0yMMKncyRpc2Fibz1UcnVlwqdzJHBhZ2luZz1UcnVlwqdzJG9uZ2xldD3Cp3MkZnJlZXNjb3BlPUZhbHNlwqdzJHdvSVM9RmFsc2XCp3Mkd29TUENIPUZhbHNlwqdzJGZsb3dNb2RlPUZhbHNlwqdzJGJxPcKncyRzZWFyY2hMYWJlbD3Cp3Mkc2VhcmNoQ2xhc3M9wqdzJHo9MERCRkM4REIvMThFMDY2NDNgMThFMDY2NDMvQjU4NDZDM0U%3D&id=CA_CHAMBERY_2023-04-11_2100328;200;272133
2023-09-16T16:25:19+02:00;2023-09-16;b36cff12e653d0a081c3b296d98ff34b0c01394e;dalloz;Dalloz;Dalloz;;HTML;;;;;;;CA_PARIS_2022-11-24_2209311;www.dalloz.fr;N;95d99713a282896f09f9bde00f956302c48d0441;3.9.2;2023-09-25;1df4e1f;2023-07-26;70ae7649;2023-09-22;filter, parser, deduplicator, istex, crossref, sudoc, hal, enhancer, geolocalizer, cut, on-campus-counter, qualifier, anonymizer;;;;FR;48.4348;0.0931;f3d99940ff5631e859aa27cbec4230a1dd1387f8;;https://www.dalloz.fr:443/documentation/Document?ctxt=0_YSR0MD1kZW1hbmRlIGTDqWxhaXMgZGUgcGFpZW1lbnQgdmVudGUgaW1tb2JpbGnDqHJlIDEzNDMtNcKneCRzZj1zaW1wbGUtc2VhcmNo&ctxtl=0_cyRwYWdlTnVtPTHCp3MkdHJpZGF0ZT1GYWxzZcKncyRzb3J0PSNkZWZhdWx0X0Rlc2PCp3Mkc2xOYlBhZz0yMMKncyRpc2Fibz1UcnVlwqdzJHBhZ2luZz1UcnVlwqdzJG9uZ2xldD3Cp3MkZnJlZXNjb3BlPUZhbHNlwqdzJHdvSVM9RmFsc2XCp3Mkd29TUENIPUZhbHNlwqdzJGZsb3dNb2RlPUZhbHNlwqdzJGJxPcKncyRzZWFyY2hMYWJlbD3Cp3Mkc2VhcmNoQ2xhc3M9wqdzJHo9MERCRkM4REIvMThFMDY2NDNgMThFMDY2NDMvQjU4NDZDM0U%3D&id=CA_PARIS_2022-11-24_2209311;200;271005
2023-09-16T16:25:22+02:00;2023-09-16;b36cff12e653d0a081c3b296d98ff34b0c01394e;dalloz;Dalloz;Dalloz;;HTML;;;;;;;CA_NIMES_2023-03-29_2203259;www.dalloz.fr;N;ad5e1d0e952e3d189cd175a5f241065a42c05f89;3.9.2;2023-09-25;1df4e1f;2023-07-26;70ae7649;2023-09-22;filter, parser, deduplicator, istex, crossref, sudoc, hal, enhancer, geolocalizer, cut, on-campus-counter, qualifier, anonymizer;;;;FR;48.4348;0.0931;f3d99940ff5631e859aa27cbec4230a1dd1387f8;;https://www.dalloz.fr:443/documentation/Document?ctxt=0_YSR0MD1kZW1hbmRlIGTDqWxhaXMgZGUgcGFpZW1lbnQgdmVudGUgaW1tb2JpbGnDqHJlIDEzNDMtNcKneCRzZj1zaW1wbGUtc2VhcmNo&ctxtl=0_cyRwYWdlTnVtPTHCp3MkdHJpZGF0ZT1GYWxzZcKncyRzb3J0PSNkZWZhdWx0X0Rlc2PCp3Mkc2xOYlBhZz0yMMKncyRpc2Fibz1UcnVlwqdzJHBhZ2luZz1UcnVlwqdzJG9uZ2xldD3Cp3MkZnJlZXNjb3BlPUZhbHNlwqdzJHdvSVM9RmFsc2XCp3Mkd29TUENIPUZhbHNlwqdzJGZsb3dNb2RlPUZhbHNlwqdzJGJxPcKncyRzZWFyY2hMYWJlbD3Cp3Mkc2VhcmNoQ2xhc3M9wqdzJHo9MERCRkM4REIvMThFMDY2NDNgMThFMDY2NDMvQjU4NDZDM0U%3D&id=CA_NIMES_2023-03-29_2203259;200;270902
2023-09-16T16:31:32+02:00;2023-09-16;b36cff12e653d0a081c3b296d98ff34b0c01394e;dalloz;Dalloz;Dalloz;;HTML;;;;;;;CA_POITIERS_2023-05-23_2203236;www.dalloz.fr;N;4280e3cfccb3f7e7fd5eea8b6e0bc55911bb59db;3.9.2;2023-09-25;1df4e1f;2023-07-26;70ae7649;2023-09-22;filter, parser, deduplicator, istex, crossref, sudoc, hal, enhancer, geolocalizer, cut, on-campus-counter, qualifier, anonymizer;;;;FR;48.4348;0.0931;f3d99940ff5631e859aa27cbec4230a1dd1387f8;;https://www.dalloz.fr:443/documentation/Document?ctxt=0_YSR0MD1zYWlzaWUgdmVudGUgZGFucyBsJ2F0dGVudGUgMTM0My01wqd4JHNmPXNpbXBsZS1zZWFyY2g%3D&ctxtl=0_cyRwYWdlTnVtPTHCp3MkdHJpZGF0ZT1GYWxzZcKncyRzb3J0PSNkZWZhdWx0X0Rlc2PCp3Mkc2xOYlBhZz0yMMKncyRpc2Fibz1UcnVlwqdzJHBhZ2luZz1UcnVlwqdzJG9uZ2xldD3Cp3MkZnJlZXNjb3BlPUZhbHNlwqdzJHdvSVM9RmFsc2XCp3Mkd29TUENIPUZhbHNlwqdzJGZsb3dNb2RlPUZhbHNlwqdzJGJxPcKncyRzZWFyY2hMYWJlbD3Cp3Mkc2VhcmNoQ2xhc3M9wqdzJHo9MERCRkM4REIvMThFMDY2NDNgMThFMDY2NDMvQjU4NDZDM0U%3D&id=CA_POITIERS_2023-05-23_2203236;200;270254
2023-09-16T16:31:38+02:00;2023-09-16;b36cff12e653d0a081c3b296d98ff34b0c01394e;dalloz;Dalloz;Dalloz;;HTML;;;;;;;CA_AIXENPROVENCE_2023-01-19_2208825;www.dalloz.fr;N;76c123de41fefbcd0175fba143246333432ab3f4;3.9.2;2023-09-25;1df4e1f;2023-07-26;70ae7649;2023-09-22;filter, parser, deduplicator, istex, crossref, sudoc, hal, enhancer, geolocalizer, cut, on-campus-counter, qualifier, anonymizer;;;;FR;48.4348;0.0931;f3d99940ff5631e859aa27cbec4230a1dd1387f8;;https://www.dalloz.fr:443/documentation/Document?ctxt=0_YSR0MD1zYWlzaWUgdmVudGUgZGFucyBsJ2F0dGVudGUgMTM0My01wqd4JHNmPXNpbXBsZS1zZWFyY2g%3D&ctxtl=0_cyRwYWdlTnVtPTHCp3MkdHJpZGF0ZT1GYWxzZcKncyRzb3J0PSNkZWZhdWx0X0Rlc2PCp3Mkc2xOYlBhZz0yMMKncyRpc2Fibz1UcnVlwqdzJHBhZ2luZz1UcnVlwqdzJG9uZ2xldD3Cp3MkZnJlZXNjb3BlPUZhbHNlwqdzJHdvSVM9RmFsc2XCp3Mkd29TUENIPUZhbHNlwqdzJGZsb3dNb2RlPUZhbHNlwqdzJGJxPcKncyRzZWFyY2hMYWJlbD3Cp3Mkc2VhcmNoQ2xhc3M9wqdzJHo9MERCRkM4REIvMThFMDY2NDNgMThFMDY2NDMvQjU4NDZDM0U%3D&id=CA_AIXENPROVENCE_2023-01-19_2208825;200;271389
2023-09-16T16:32:54+02:00;2023-09-16;b36cff12e653d0a081c3b296d98ff34b0c01394e;dalloz;Dalloz;Dalloz;;HTML;;;;;;;CA_AIXENPROVENCE_2023-03-30_2105982;www.dalloz.fr;N;550242162b34f42ed4eca0fda12427a51aba7622;3.9.2;2023-09-25;1df4e1f;2023-07-26;70ae7649;2023-09-22;filter, parser, deduplicator, istex, crossref, sudoc, hal, enhancer, geolocalizer, cut, on-campus-counter, qualifier, anonymizer;;;;FR;48.4348;0.0931;f3d99940ff5631e859aa27cbec4230a1dd1387f8;;https://www.dalloz.fr:443/documentation/Document?ctxt=0_YSR0MD1zYWlzaWUgdmVudGUgZGFucyBsJ2F0dGVudGUgMTM0My01wqd4JHNmPXNpbXBsZS1zZWFyY2g%3D&ctxtl=0_cyRwYWdlTnVtPTHCp3MkdHJpZGF0ZT1GYWxzZcKncyRzb3J0PSNkZWZhdWx0X0Rlc2PCp3Mkc2xOYlBhZz0yMMKncyRpc2Fibz1UcnVlwqdzJHBhZ2luZz1UcnVlwqdzJG9uZ2xldD3Cp3MkZnJlZXNjb3BlPUZhbHNlwqdzJHdvSVM9RmFsc2XCp3Mkd29TUENIPUZhbHNlwqdzJGZsb3dNb2RlPUZhbHNlwqdzJGJxPcKncyRzZWFyY2hMYWJlbD3Cp3Mkc2VhcmNoQ2xhc3M9wqdzJHo9MERCRkM4REIvMThFMDY2NDNgMThFMDY2NDMvQjU4NDZDM0U%3D&id=CA_AIXENPROVENCE_2023-03-30_2105982;200;272328
2023-09-16T16:40:03+02:00;2023-09-16;b36cff12e653d0a081c3b296d98ff34b0c01394e;dalloz;Dalloz;Dalloz;;HTML;;;;;;;CA_DOUAI_2023-03-02_2101783;www.dalloz.fr;N;7d8a361e305f1919658495b7c985177d2408d6c5;3.9.2;2023-09-25;1df4e1f;2023-07-26;70ae7649;2023-09-22;filter, parser, deduplicator, istex, crossref, sudoc, hal, enhancer, geolocalizer, cut, on-campus-counter, qualifier, anonymizer;;;;FR;48.4348;0.0931;f3d99940ff5631e859aa27cbec4230a1dd1387f8;;https://www.dalloz.fr:443/documentation/Document?ctxt=0_YSR0MD1yw6l0cmFjdGF0aW9uIHByb21lc3NlIHVuaWxhdMOpcmFsZSBhY2hhdCBiYWlsIGNvbW1lcmNpYWzCp3gkc2Y9c2ltcGxlLXNlYXJjaA%3D%3D&ctxtl=0_cyRwYWdlTnVtPTHCp3MkdHJpZGF0ZT1GYWxzZcKncyRzb3J0PSNkZWZhdWx0X0Rlc2PCp3Mkc2xOYlBhZz0yMMKncyRpc2Fibz1UcnVlwqdzJHBhZ2luZz1UcnVlwqdzJG9uZ2xldD3Cp3MkZnJlZXNjb3BlPUZhbHNlwqdzJHdvSVM9RmFsc2XCp3Mkd29TUENIPUZhbHNlwqdzJGZsb3dNb2RlPUZhbHNlwqdzJGJxPcKncyRzZWFyY2hMYWJlbD3Cp3Mkc2VhcmNoQ2xhc3M9wqdzJHo9MERCRkM4REIvMThFMDY2NDNgMThFMDY2NDMvQjU4NDZDM0U%3D&id=CA_DOUAI_2023-03-02_2101783;200;270314
2023-09-16T16:40:09+02:00;2023-09-16;b36cff12e653d0a081c3b296d98ff34b0c01394e;dalloz;Dalloz;Dalloz;;HTML;;;;;;;CA_PARIS_2022-11-25_2102291;www.dalloz.fr;N;6a91844d2f2ceb1628a1a7cb7ec0e526dab0d996;3.9.2;2023-09-25;1df4e1f;2023-07-26;70ae7649;2023-09-22;filter, parser, deduplicator, istex, crossref, sudoc, hal, enhancer, geolocalizer, cut, on-campus-counter, qualifier, anonymizer;;;;FR;48.4348;0.0931;f3d99940ff5631e859aa27cbec4230a1dd1387f8;;https://www.dalloz.fr:443/documentation/Document?ctxt=0_YSR0MD1yw6l0cmFjdGF0aW9uIHByb21lc3NlIHVuaWxhdMOpcmFsZSBhY2hhdCBiYWlsIGNvbW1lcmNpYWzCp3gkc2Y9c2ltcGxlLXNlYXJjaA%3D%3D&ctxtl=0_cyRwYWdlTnVtPTHCp3MkdHJpZGF0ZT1GYWxzZcKncyRzb3J0PSNkZWZhdWx0X0Rlc2PCp3Mkc2xOYlBhZz0yMMKncyRpc2Fibz1UcnVlwqdzJHBhZ2luZz1UcnVlwqdzJG9uZ2xldD3Cp3MkZnJlZXNjb3BlPUZhbHNlwqdzJHdvSVM9RmFsc2XCp3Mkd29TUENIPUZhbHNlwqdzJGZsb3dNb2RlPUZhbHNlwqdzJGJxPcKncyRzZWFyY2hMYWJlbD3Cp3Mkc2VhcmNoQ2xhc3M9wqdzJHo9MERCRkM4REIvMThFMDY2NDNgMThFMDY2NDMvQjU4NDZDM0U%3D&id=CA_PARIS_2022-11-25_2102291;200;271103
2023-09-16T16:40:09+02:00;2023-09-16;b36cff12e653d0a081c3b296d98ff34b0c01394e;dalloz;Dalloz;Dalloz;;HTML;;;;;;;CA_GRENOBLE_2022-03-10_2003718;www.dalloz.fr;N;c80cd5460af12947dbe105fec6c8d5eee8028da8;3.9.2;2023-09-25;1df4e1f;2023-07-26;70ae7649;2023-09-22;filter, parser, deduplicator, istex, crossref, sudoc, hal, enhancer, geolocalizer, cut, on-campus-counter, qualifier, anonymizer;;;;FR;48.4348;0.0931;f3d99940ff5631e859aa27cbec4230a1dd1387f8;;https://www.dalloz.fr:443/documentation/Document?ctxt=0_YSR0MD1yw6l0cmFjdGF0aW9uIHByb21lc3NlIHVuaWxhdMOpcmFsZSBhY2hhdCBiYWlsIGNvbW1lcmNpYWzCp3gkc2Y9c2ltcGxlLXNlYXJjaA%3D%3D&ctxtl=0_cyRwYWdlTnVtPTHCp3MkdHJpZGF0ZT1GYWxzZcKncyRzb3J0PSNkZWZhdWx0X0Rlc2PCp3Mkc2xOYlBhZz0yMMKncyRpc2Fibz1UcnVlwqdzJHBhZ2luZz1UcnVlwqdzJG9uZ2xldD3Cp3MkZnJlZXNjb3BlPUZhbHNlwqdzJHdvSVM9RmFsc2XCp3Mkd29TUENIPUZhbHNlwqdzJGZsb3dNb2RlPUZhbHNlwqdzJGJxPcKncyRzZWFyY2hMYWJlbD3Cp3Mkc2VhcmNoQ2xhc3M9wqdzJHo9MERCRkM4REIvMThFMDY2NDNgMThFMDY2NDMvQjU4NDZDM0U%3D&id=CA_GRENOBLE_2022-03-10_2003718;200;271152
2023-09-16T16:41:27+02:00;2023-09-16;b36cff12e653d0a081c3b296d98ff34b0c01394e;dalloz;Dalloz;Dalloz;;HTML;;;;;;;CA_GRENOBLE_2022-03-10_2003718;www.dalloz.fr;N;acb9808a9bb58c40a6e47056261b323c1f8d6965;3.9.2;2023-09-25;1df4e1f;2023-07-26;70ae7649;2023-09-22;filter, parser, deduplicator, istex, crossref, sudoc, hal, enhancer, geolocalizer, cut, on-campus-counter, qualifier, anonymizer;;;;FR;48.4348;0.0931;f3d99940ff5631e859aa27cbec4230a1dd1387f8;;https://www.dalloz.fr:443/documentation/Document?ctxt=0_YSR0MD1yw6l0cmFjdGF0aW9uIHByb21lc3NlIHVuaWxhdMOpcmFsZSBhY2hhdCBiYWlsIGNvbW1lcmNpYWzCp3gkc2Y9c2ltcGxlLXNlYXJjaA%3D%3D&ctxtl=0_cyRwYWdlTnVtPTHCp3MkdHJpZGF0ZT1GYWxzZcKncyRzb3J0PSNkZWZhdWx0X0Rlc2PCp3Mkc2xOYlBhZz0yMMKncyRpc2Fibz1UcnVlwqdzJHBhZ2luZz1UcnVlwqdzJG9uZ2xldD3Cp3MkZnJlZXNjb3BlPUZhbHNlwqdzJHdvSVM9RmFsc2XCp3Mkd29TUENIPUZhbHNlwqdzJGZsb3dNb2RlPUZhbHNlwqdzJGJxPcKncyRzZWFyY2hMYWJlbD3Cp3Mkc2VhcmNoQ2xhc3M9wqdzJHo9MERCRkM4REIvMThFMDY2NDNgMThFMDY2NDMvQjU4NDZDM0U%3D&id=CA_GRENOBLE_2022-03-10_2003718;200;272254
2023-09-16T16:44:45+02:00;2023-09-16;b36cff12e653d0a081c3b296d98ff34b0c01394e;dalloz;Dalloz;Dalloz;;HTML;;;;;;;CA_AIXENPROVENCE_2023-05-16_2207847;www.dalloz.fr;N;a2537e50d76030ec336a8e14a93488af28589cdf;3.9.2;2023-09-25;1df4e1f;2023-07-26;70ae7649;2023-09-22;filter, parser, deduplicator, istex, crossref, sudoc, hal, enhancer, geolocalizer, cut, on-campus-counter, qualifier, anonymizer;;;;FR;48.4348;0.0931;f3d99940ff5631e859aa27cbec4230a1dd1387f8;;https://www.dalloz.fr:443/documentation/Document?ctxt=0_YSR0MD1yw6l0cmFjdGF0aW9uIHByb21lc3NlIHVuaWxhdMOpcmFsZSBkJ2FjaGF0IHByw6lqdWRpY2UgZmF1dMKneCRzZj1zaW1wbGUtc2VhcmNo&ctxtl=0_cyRwYWdlTnVtPTHCp3MkdHJpZGF0ZT1GYWxzZcKncyRzb3J0PSNkZWZhdWx0X0Rlc2PCp3Mkc2xOYlBhZz0yMMKncyRpc2Fibz1UcnVlwqdzJHBhZ2luZz1UcnVlwqdzJG9uZ2xldD3Cp3MkZnJlZXNjb3BlPUZhbHNlwqdzJHdvSVM9RmFsc2XCp3Mkd29TUENIPUZhbHNlwqdzJGZsb3dNb2RlPUZhbHNlwqdzJGJxPcKncyRzZWFyY2hMYWJlbD3Cp3Mkc2VhcmNoQ2xhc3M9wqdzJHo9MERCRkM4REIvMThFMDY2NDNgMThFMDY2NDMvQjU4NDZDM0U%3D&id=CA_AIXENPROVENCE_2023-05-16_2207847;200;270909
2023-09-16T16:44:48+02:00;2023-09-16;b36cff12e653d0a081c3b296d98ff34b0c01394e;dalloz;Dalloz;Dalloz;;HTML;;;;;;;CA_PARIS_2022-05-10_1907819;www.dalloz.fr;N;8a373d0ee685165c4978c1afc7f9c113508dc35d;3.9.2;2023-09-25;1df4e1f;2023-07-26;70ae7649;2023-09-22;filter, parser, deduplicator, istex, crossref, sudoc, hal, enhancer, geolocalizer, cut, on-campus-counter, qualifier, anonymizer;;;;FR;48.4348;0.0931;f3d99940ff5631e859aa27cbec4230a1dd1387f8;;https://www.dalloz.fr:443/documentation/Document?ctxt=0_YSR0MD1yw6l0cmFjdGF0aW9uIHByb21lc3NlIHVuaWxhdMOpcmFsZSBkJ2FjaGF0IHByw6lqdWRpY2UgZmF1dMKneCRzZj1zaW1wbGUtc2VhcmNo&ctxtl=0_cyRwYWdlTnVtPTHCp3MkdHJpZGF0ZT1GYWxzZcKncyRzb3J0PSNkZWZhdWx0X0Rlc2PCp3Mkc2xOYlBhZz0yMMKncyRpc2Fibz1UcnVlwqdzJHBhZ2luZz1UcnVlwqdzJG9uZ2xldD3Cp3MkZnJlZXNjb3BlPUZhbHNlwqdzJHdvSVM9RmFsc2XCp3Mkd29TUENIPUZhbHNlwqdzJGZsb3dNb2RlPUZhbHNlwqdzJGJxPcKncyRzZWFyY2hMYWJlbD3Cp3Mkc2VhcmNoQ2xhc3M9wqdzJHo9MERCRkM4REIvMThFMDY2NDNgMThFMDY2NDMvQjU4NDZDM0U%3D&id=CA_PARIS_2022-05-10_1907819;200;270849
2023-09-16T16:45:28+02:00;2023-09-16;03aa52b395fb6aab492799c2dd12b8a5ff04d581;dalloz;Dalloz;Dalloz;;HTML;;;;;;;RECUEIL/CHRON/2000/0429;www.dalloz.fr;N;84a7d2e6834ed39bf9e4ec1f5087360fd15cbf5c;3.9.2;2023-09-25;1df4e1f;2023-07-26;70ae7649;2023-09-22;filter, parser, deduplicator, istex, crossref, sudoc, hal, enhancer, geolocalizer, cut, on-campus-counter, qualifier, anonymizer;;;;FR;48.8582;2.3387;a30296ba5bb2417897bc6005ae71a676834a9f3b;;https://www.dalloz.fr:443/documentation/Document?ctxt=0_YSR0MD1kcm9pdCDDoCBsYSBtb3J0wqd4JHNmPXNpbXBsZS1zZWFyY2g%3D&ctxtl=0_cyRwYWdlTnVtPTHCp3MkdHJpZGF0ZT1GYWxzZcKncyRzb3J0PSNkZWZhdWx0X0Rlc2PCp3Mkc2xOYlBhZz0yMMKncyRpc2Fibz1UcnVlwqdzJHBhZ2luZz1UcnVlwqdzJG9uZ2xldD3Cp3MkZnJlZXNjb3BlPUZhbHNlwqdzJHdvSVM9RmFsc2XCp3Mkd29TUENIPUZhbHNlwqdzJGZsb3dNb2RlPUZhbHNlwqdzJGJxPcKncyRzZWFyY2hMYWJlbD3Cp3Mkc2VhcmNoQ2xhc3M9&id=RECUEIL%2FCHRON%2F2000%2F0429;200;288147
2023-09-16T16:49:41+02:00;2023-09-16;b36cff12e653d0a081c3b296d98ff34b0c01394e;dalloz;Dalloz;Dalloz;;HTML;;;;;;;CA_MONTPELLIER_2023-05-23_2104592;www.dalloz.fr;N;bb66ee55aceed4ab6e180d04c95a72868c6ad09d;3.9.2;2023-09-25;1df4e1f;2023-07-26;70ae7649;2023-09-22;filter, parser, deduplicator, istex, crossref, sudoc, hal, enhancer, geolocalizer, cut, on-campus-counter, qualifier, anonymizer;;;;FR;48.4348;0.0931;f3d99940ff5631e859aa27cbec4230a1dd1387f8;;https://www.dalloz.fr:443/documentation/Document?ctxt=0_YSR0MD1hbm51bGF0aW9uIHByb21lc3NlIGRlIHZlbnTCp3gkc2Y9c2ltcGxlLXNlYXJjaA%3D%3D&ctxtl=0_cyRwYWdlTnVtPTHCp3MkdHJpZGF0ZT1GYWxzZcKncyRzb3J0PSNkZWZhdWx0X0Rlc2PCp3Mkc2xOYlBhZz0yMMKncyRpc2Fibz1UcnVlwqdzJHBhZ2luZz1UcnVlwqdzJG9uZ2xldD3Cp3MkZnJlZXNjb3BlPUZhbHNlwqdzJHdvSVM9RmFsc2XCp3Mkd29TUENIPUZhbHNlwqdzJGZsb3dNb2RlPUZhbHNlwqdzJGJxPcKncyRzZWFyY2hMYWJlbD3Cp3Mkc2VhcmNoQ2xhc3M9wqdzJHo9MERCRkM4REIvMThFMDY2NDNgMThFMDY2NDMvQjU4NDZDM0U%3D&id=CA_MONTPELLIER_2023-05-23_2104592;200;272038
2023-09-16T17:00:01+02:00;2023-09-16;6aec6b5580cc11436094d8941601fa1fff4aacfe;dalloz;Dalloz;Dalloz;;HTML;;;;;;;DZ/OASIS/000044;www.dalloz.fr;N;c4b2c836343eb860834105bbd8801172abfc4301;3.9.2;2023-09-25;1df4e1f;2023-07-26;70ae7649;2023-09-22;filter, parser, deduplicator, istex, crossref, sudoc, hal, enhancer, geolocalizer, cut, on-campus-counter, qualifier, anonymizer;;;;FR;41.9189;8.7381;f939a45c75b40b7953b3c12f24cd60ecb98c6db4;;https://www.dalloz.fr:443/documentation/Document?ctxt=0_YSR0MD1hY3Rpdml0w6kgYWdyaWNvbGXCp3gkc2Y9c2ltcGxlLXNlYXJjaA%3D%3D&ctxtl=0_cyRwYWdlTnVtPTHCp3MkdHJpZGF0ZT1GYWxzZcKncyRzb3J0PSNkZWZhdWx0X0Rlc2PCp3Mkc2xOYlBhZz0yMMKncyRpc2Fibz1UcnVlwqdzJHBhZ2luZz1UcnVlwqdzJG9uZ2xldD3Cp3MkZnJlZXNjb3BlPUZhbHNlwqdzJHdvSVM9RmFsc2XCp3Mkd29TUENIPUZhbHNlwqdzJGZsb3dNb2RlPUZhbHNlwqdzJGJxPcKncyRzZWFyY2hMYWJlbD3Cp3Mkc2VhcmNoQ2xhc3M9wqdzJHo9MERCRkM4REIvMDhDQzYyOTQ%3D&id=DZ%2FOASIS%2F000044;200;332444
2023-09-16T17:08:50+02:00;2023-09-16;39534d726f9c7463684f232864a6ee831937797d;lextenso;Lextenso;Lextenso éditions;JURISPRUDENCE;HTML;;;JURITEXT;;;;JURITEXT000007034844;www.labase-lextenso.fr;N;300816186d651fc1237910158a39efa3e34d6c5c;3.9.2;2023-09-25;1df4e1f;2023-07-26;70ae7649;2023-09-22;filter, parser, deduplicator, istex, crossref, sudoc, hal, enhancer, geolocalizer, cut, on-campus-counter, qualifier, anonymizer;;;;FR;48.5321;6.4622;bc88354a4f3e4564d35f08e1939920e3c9f898b2;;https://www.labase-lextenso.fr:443/jurisprudence/JURITEXT000007034844?em=rabat%20d%27arr%C3%AAt;200;98751
2023-09-16T17:13:02+02:00;2023-09-16;6aec6b5580cc11436094d8941601fa1fff4aacfe;dalloz;Dalloz;Dalloz;;HTML;;;;;;;DZ/OASIS/001554;www.dalloz.fr;N;fe5454370cd8654a740740499c913f219175b478;3.9.2;2023-09-25;1df4e1f;2023-07-26;70ae7649;2023-09-22;filter, parser, deduplicator, istex, crossref, sudoc, hal, enhancer, geolocalizer, cut, on-campus-counter, qualifier, anonymizer;;;;FR;41.9189;8.7381;f939a45c75b40b7953b3c12f24cd60ecb98c6db4;;https://www.dalloz.fr:443/documentation/Document?ctxt=0_YSR0MD1zb2Npw6l0w6kgYWdyaWNvbGXCp3gkc2Y9c2ltcGxlLXNlYXJjaA%3D%3D&ctxtl=0_cyRwYWdlTnVtPTHCp3MkdHJpZGF0ZT1GYWxzZcKncyRzb3J0PSNkZWZhdWx0X0Rlc2PCp3Mkc2xOYlBhZz0yMMKncyRpc2Fibz1UcnVlwqdzJHBhZ2luZz1UcnVlwqdzJG9uZ2xldD3Cp3MkZnJlZXNjb3BlPUZhbHNlwqdzJHdvSVM9RmFsc2XCp3Mkd29TUENIPUZhbHNlwqdzJGZsb3dNb2RlPUZhbHNlwqdzJGJxPcKncyRzZWFyY2hMYWJlbD3Cp3Mkc2VhcmNoQ2xhc3M9wqdzJHo9MERCRkM4REIvMDhDQzYyOTQ%3D&id=DZ%2FOASIS%2F001554;200;262243
2023-09-16T17:13:03+02:00;2023-09-16;6aec6b5580cc11436094d8941601fa1fff4aacfe;dalloz;Dalloz;Dalloz;;HTML;;;;;;;DZ/OASIS/001130;www.dalloz.fr;N;febed8ae88285c3534d2ca212427310eaf9ba53a;3.9.2;2023-09-25;1df4e1f;2023-07-26;70ae7649;2023-09-22;filter, parser, deduplicator, istex, crossref, sudoc, hal, enhancer, geolocalizer, cut, on-campus-counter, qualifier, anonymizer;;;;FR;41.9189;8.7381;f939a45c75b40b7953b3c12f24cd60ecb98c6db4;;https://www.dalloz.fr:443/documentation/Document?ctxt=0_YSR0MD1zb2Npw6l0w6kgYWdyaWNvbGXCp3gkc2Y9c2ltcGxlLXNlYXJjaA%3D%3D&ctxtl=0_cyRwYWdlTnVtPTHCp3MkdHJpZGF0ZT1GYWxzZcKncyRzb3J0PSNkZWZhdWx0X0Rlc2PCp3Mkc2xOYlBhZz0yMMKncyRpc2Fibz1UcnVlwqdzJHBhZ2luZz1UcnVlwqdzJG9uZ2xldD3Cp3MkZnJlZXNjb3BlPUZhbHNlwqdzJHdvSVM9RmFsc2XCp3Mkd29TUENIPUZhbHNlwqdzJGZsb3dNb2RlPUZhbHNlwqdzJGJxPcKncyRzZWFyY2hMYWJlbD3Cp3Mkc2VhcmNoQ2xhc3M9wqdzJHo9MERCRkM4REIvMDhDQzYyOTQ%3D&id=DZ%2FOASIS%2F001130;200;373666
2023-09-16T17:34:27+02:00;2023-09-16;f9b16b7a236d2a786d29fcae316c81292cd8f25b;cairn;CAIRN;Cairn;TOC;HTML;6605860000;;publications-de-Sizaire-Vincent;;;;publications-de-Sizaire-Vincent--660586;www.cairn.info;N;39bbd54830757de2d2d518350cbb161b0cfda7cf;3.9.2;2023-09-25;1df4e1f;2023-07-26;70ae7649;2023-09-22;filter, parser, deduplicator, istex, crossref, sudoc, hal, enhancer, geolocalizer, cut, on-campus-counter, qualifier, anonymizer;;;;FR;41.9189;8.7381;c3c2c2fcdc57f5a8c2cbfe441fddde91e6444d18;;https://www.cairn.info:443/publications-de-Sizaire-Vincent--660586.htm?ora.z_ref=cairnSearchAutocomplete;200;79764
2023-09-16T17:34:39+02:00;2023-09-16;f9b16b7a236d2a786d29fcae316c81292cd8f25b;cairn;CAIRN;Cairn;ARTICLE;HTML;0035-1733;1760-7620;revue-de-science-criminelle-et-de-droit-penal-compare;;Revue de science criminelle et de droit pénal comparé;2017;revue-de-science-criminelle-et-de-droit-penal-compare-2017-2-page-261;www.cairn.info;N;374591540d1bee18ad2af22eb3a63a18333cc279;3.9.2;2023-09-25;1df4e1f;2023-07-26;70ae7649;2023-09-22;filter, parser, deduplicator, istex, crossref, sudoc, hal, enhancer, geolocalizer, cut, on-campus-counter, qualifier, anonymizer;;;;FR;41.9189;8.7381;c3c2c2fcdc57f5a8c2cbfe441fddde91e6444d18;;https://www.cairn.info:443/revue-de-science-criminelle-et-de-droit-penal-compare-2017-2-page-261.htm;200;174851
2023-09-16T17:35:07+02:00;2023-09-16;f9b16b7a236d2a786d29fcae316c81292cd8f25b;cairn;CAIRN;Cairn;ARTICLE;PDF;;;RSC;;;;RSC_1702_0261;www.cairn.info;N;be9a1a48f7a5b5e767999b8d66e68636e844e72f;3.9.2;2023-09-25;1df4e1f;2023-07-26;70ae7649;2023-09-22;filter, parser, deduplicator, istex, crossref, sudoc, hal, enhancer, geolocalizer, cut, on-campus-counter, qualifier, anonymizer;;;;FR;41.9189;8.7381;c3c2c2fcdc57f5a8c2cbfe441fddde91e6444d18;;https://www.cairn.info:443/load_pdf.php?ID_ARTICLE=RSC_1702_0261&download=1;200;342346
2023-09-16T17:54:51+02:00;2023-09-16;64933b36dc5f0040959ee02ba598a459ec74eab1;cairn;CAIRN;Cairn;TOC;HTML;2117-4148;1950-568X;revue-volume;;Volume !;2017;revue-volume-2017-1;www.cairn.info;N;4a1043d41d17e95d42eaf48ec1efce501e6ca414;3.9.2;2023-09-25;1df4e1f;2023-07-26;70ae7649;2023-09-22;filter, parser, deduplicator, istex, crossref, sudoc, hal, enhancer, geolocalizer, cut, on-campus-counter, qualifier, anonymizer;;;;FR;43.3722;5.3539;872e2e2a58ce92c21632b7f14c28a4e39c974e10;;https://www.cairn.info:443/revue-volume-2017-1.htm;200;153582
2023-09-16T17:59:42+02:00;2023-09-16;6aec6b5580cc11436094d8941601fa1fff4aacfe;dalloz;Dalloz;Dalloz;;HTML;;;;;;;DZ/OASIS/000123;www.dalloz.fr;N;90e8b1c224399bf2e484f903807749d691ab16b5;3.9.2;2023-09-25;1df4e1f;2023-07-26;70ae7649;2023-09-22;filter, parser, deduplicator, istex, crossref, sudoc, hal, enhancer, geolocalizer, cut, on-campus-counter, qualifier, anonymizer;;;;FR;41.9189;8.7381;f939a45c75b40b7953b3c12f24cd60ecb98c6db4;;https://www.dalloz.fr:443/documentation/Document?ctxt=0_YSR0MD1iYXV4IHJ1cmF1eCDDoCBsb25nIHRlcm1lwqd4JHNmPXNpbXBsZS1zZWFyY2g%3D&ctxtl=0_cyRwYWdlTnVtPTHCp3MkdHJpZGF0ZT1GYWxzZcKncyRzb3J0PSNkZWZhdWx0X0Rlc2PCp3Mkc2xOYlBhZz0yMMKncyRpc2Fibz1UcnVlwqdzJHBhZ2luZz1UcnVlwqdzJG9uZ2xldD3Cp3MkZnJlZXNjb3BlPUZhbHNlwqdzJHdvSVM9RmFsc2XCp3Mkd29TUENIPUZhbHNlwqdzJGZsb3dNb2RlPUZhbHNlwqdzJGJxPcKncyRzZWFyY2hMYWJlbD3Cp3Mkc2VhcmNoQ2xhc3M9wqdzJHo9MERCRkM4REIvMDhDQzYyOTQ%3D&id=DZ%2FOASIS%2F000123;200;295618
2023-09-16T18:19:23+02:00;2023-09-16;c7f50f65c7b7f6b90b47e3a10c38a9ec5f1d5e2a;dalloz;Dalloz;Dalloz;;HTML;;;;;;;ENCY/PCIV/RUB000083/2018-11/PLAN/0181;www.dalloz.fr;N;efa4945ee3ef4b2cf121a096714b1d86fdb12c04;3.9.2;2023-09-25;1df4e1f;2023-07-26;70ae7649;2023-09-22;filter, parser, deduplicator, istex, crossref, sudoc, hal, enhancer, geolocalizer, cut, on-campus-counter, qualifier, anonymizer;;;;FR;48.8582;2.3387;0446f664bd1088abc2a622d71a5ff82cf33d995d;;https://www.dalloz.fr:443/documentation/Document?id=ENCY%2FPCIV%2FRUB000083%2F2018-11%2FPLAN%2F0181&ctxt=0_YSR0MD05NC0yMDMwMsKneCRzZj1zaW1wbGUtc2VhcmNo&ctxtl=0_cyRwYWdlTnVtPTHCp3MkdHJpZGF0ZT1GYWxzZcKncyRzb3J0PSNkZWZhdWx0X0Rlc2PCp3Mkc2xOYlBhZz0yMMKncyRpc2Fibz1UcnVlwqdzJHBhZ2luZz1UcnVlwqdzJG9uZ2xldD3Cp3MkZnJlZXNjb3BlPUZhbHNlwqdzJHdvSVM9RmFsc2XCp3Mkd29TUENIPUZhbHNlwqdzJGZsb3dNb2RlPUZhbHNlwqdzJGJxPcKncyRzZWFyY2hMYWJlbD3Cp3Mkc2VhcmNoQ2xhc3M9&scrll=ENCY%2FPCIV%2FRUB000083%2F2018-11%2FPARA%2F417;200;271831
2023-09-16T18:50:54+02:00;2023-09-16;6aec6b5580cc11436094d8941601fa1fff4aacfe;dalloz;Dalloz;Dalloz;;HTML;;;;;;;DZ/OASIS/001130;www.dalloz.fr;N;507339ceedb8f792ec88867b549bd0de3f05a6b8;3.9.2;2023-09-25;1df4e1f;2023-07-26;70ae7649;2023-09-22;filter, parser, deduplicator, istex, crossref, sudoc, hal, enhancer, geolocalizer, cut, on-campus-counter, qualifier, anonymizer;;;;FR;41.9189;8.7381;f939a45c75b40b7953b3c12f24cd60ecb98c6db4;;https://www.dalloz.fr:443/documentation/Document?ctxt=0_YSR0MD1zb2Npw6l0w6kgYWdyaWNvbGXCp3gkc2Y9c2ltcGxlLXNlYXJjaA%3D%3D&ctxtl=0_cyRwYWdlTnVtPTHCp3MkdHJpZGF0ZT1GYWxzZcKncyRzb3J0PSNkZWZhdWx0X0Rlc2PCp3Mkc2xOYlBhZz0yMMKncyRpc2Fibz1UcnVlwqdzJHBhZ2luZz1UcnVlwqdzJG9uZ2xldD3Cp3MkZnJlZXNjb3BlPUZhbHNlwqdzJHdvSVM9RmFsc2XCp3Mkd29TUENIPUZhbHNlwqdzJGZsb3dNb2RlPUZhbHNlwqdzJGJxPcKncyRzZWFyY2hMYWJlbD3Cp3Mkc2VhcmNoQ2xhc3M9wqdzJHo9MERCRkM4REIvMDhDQzYyOTQ%3D&id=DZ%2FOASIS%2F001130;200;374005
2023-09-16T19:47:18+02:00;2023-09-16;e2a7a84ee98686b59a943836e3b0d40103935720;lextenso;Lextenso;Lextenso éditions;ARTICLE;HTML;1285-0888;;JBS;;Bulletin Joly Sociétés;;JBS2009078;www.labase-lextenso.fr;N;24d38b1eacb9b3c9038e63384fab3ec7d28c1e35;3.9.2;2023-09-25;1df4e1f;2023-07-26;70ae7649;2023-09-22;filter, parser, deduplicator, istex, crossref, sudoc, hal, enhancer, geolocalizer, cut, on-campus-counter, qualifier, anonymizer;;;;FR;43.457;6.479;71188b45e113374b0b592f3cd58da497d9402fbf;;https://www.labase-lextenso.fr:443/bulletin-joly-societes/JBS-2009-078?em=Urban%2C%20%C2%AB%20GIE%20%3A%20de%20la%20solidarit%C3%A9%20entre%20les%20membres%20%C2%BB;200;120576
2023-09-16T19:47:29+02:00;2023-09-16;e2a7a84ee98686b59a943836e3b0d40103935720;lextenso;Lextenso;Lextenso éditions;ARTICLE;HTML;1285-0888;;JBS;;Bulletin Joly Sociétés;;JBS2009078;www.labase-lextenso.fr;N;e115458bad95211283cf1f5fae166750fbad9d9f;3.9.2;2023-09-25;1df4e1f;2023-07-26;70ae7649;2023-09-22;filter, parser, deduplicator, istex, crossref, sudoc, hal, enhancer, geolocalizer, cut, on-campus-counter, qualifier, anonymizer;;;;FR;43.457;6.479;71188b45e113374b0b592f3cd58da497d9402fbf;;https://www.labase-lextenso.fr:443/bulletin-joly-societes/JBS-2009-078?em=Urban%2C%20%C2%AB%20GIE%20%3A%20de%20la%20solidarit%C3%A9%20entre%20les%20membres%20%C2%BB;200;68406
2023-09-16T20:17:13+02:00;2023-09-16;c9621a31a919d6210e7024f8f81afeaa22b3ba9a;europresse;Europresse;CEDROM-SNi;ARTICLE;PDF;;;;;;;pdf·20230918·LM_P·1;nouveau.europresse.com;N;bcf6080da4ed3afa3ee384010cb25d37fbb5933c;3.9.2;2023-09-25;1df4e1f;2023-07-26;70ae7649;2023-09-22;filter, parser, deduplicator, istex, crossref, sudoc, hal, enhancer, geolocalizer, cut, on-campus-counter, qualifier, anonymizer;;;;FR;50.3667;3.0667;574ee0475a88101e2c62c74049b2745ab159d509;;https://nouveau.europresse.com:443/Pdf/ImageList?docName=pdf%C2%B720230918%C2%B7LM_P%C2%B71;200;1243
2023-09-16T20:57:45+02:00;2023-09-16;3c2135c9857346c19448da7a15e0e5f19403804d;ebscohost;EBSCO Discovery Service;EBSCO Publishing;TOC;HTML;;;;;;;;eds.p.ebscohost.com;N;248a93435198303c1ec42c5c824025f1faa670d3;3.9.2;2023-09-25;1df4e1f;2023-07-26;70ae7649;2023-09-22;filter, parser, deduplicator, istex, crossref, sudoc, hal, enhancer, geolocalizer, cut, on-campus-counter, qualifier, anonymizer;;;;FR;45.748;4.85;84ab9e990e2e5d64fbca6f79c37b8caca45a42d6;;https://eds.p.ebscohost.com:443/eds/results?vid=4&sid=fd3f6863-e1fa-4ad7-b914-bef15cbccc53%40redis&bquery=right%2Bto%2Beducation&bdata=JmNsaTA9RlQmY2x2MD1ZJmxhbmc9ZnImdHlwZT0wJnNlYXJjaE1vZGU9QW5kJnNpdGU9ZWRzLWxpdmU%3d;200;232633
2023-09-16T20:57:56+02:00;2023-09-16;3c2135c9857346c19448da7a15e0e5f19403804d;ebscohost;EBSCO Discovery Service;EBSCO Publishing;ARTICLE;PDF;;;;;;;;eds.p.ebscohost.com;N;3a7599dc7e5db6698f4895d5f40ff6fd61b9e3af;3.9.2;2023-09-25;1df4e1f;2023-07-26;70ae7649;2023-09-22;filter, parser, deduplicator, istex, crossref, sudoc, hal, enhancer, geolocalizer, cut, on-campus-counter, qualifier, anonymizer;;;;FR;45.748;4.85;84ab9e990e2e5d64fbca6f79c37b8caca45a42d6;;https://eds.p.ebscohost.com:443/eds/pdfviewer/pdfviewer?vid=5&sid=fd3f6863-e1fa-4ad7-b914-bef15cbccc53%40redis;200;33887
2023-09-16T21:58:55+02:00;2023-09-16;f18134eb43961e56ed3563dc542b2cde44e51401;dalloz;Dalloz;Dalloz;;HTML;;;;;;;CCDF053260;www.dalloz.fr;N;05fb97425f2cfde827e99b8782e4d6eeed2831ad;3.9.2;2023-09-25;1df4e1f;2023-07-26;70ae7649;2023-09-22;filter, parser, deduplicator, istex, crossref, sudoc, hal, enhancer, geolocalizer, cut, on-campus-counter, qualifier, anonymizer;;;;FR;47.8818;1.8695;66c7cc2d22426d84f22b812057e43f26a05d368d;;https://www.dalloz.fr:443/documentation/Document?ctxt=0_YSR0MD1yZXNzb3VyY2VzIHRyw6lzb3JlcmllIGJ1ZGdldCBFdGF0wqd4JHNmPXNpbXBsZS1zZWFyY2g%3D&ctxtl=0_cyRwYWdlTnVtPTHCp3MkdHJpZGF0ZT1GYWxzZcKncyRzb3J0PSNkZWZhdWx0X0Rlc2PCp3Mkc2xOYlBhZz0yMMKncyRpc2Fibz1UcnVlwqdzJHBhZ2luZz1UcnVlwqdzJG9uZ2xldD3Cp3MkZnJlZXNjb3BlPUZhbHNlwqdzJHdvSVM9RmFsc2XCp3Mkd29TUENIPUZhbHNlwqdzJGZsb3dNb2RlPUZhbHNlwqdzJGJxPcKncyRzZWFyY2hMYWJlbD3Cp3Mkc2VhcmNoQ2xhc3M9&id=CCDF053260;200;295148
2023-09-16T22:02:33+02:00;2023-09-16;f18134eb43961e56ed3563dc542b2cde44e51401;lextenso;Lextenso;Lextenso éditions;ARTICLE;HTML;0294-0833;;RFFP;;Revue française de finances publiques;;RFFP2012117023;www.labase-lextenso.fr;N;0e331b337d80721c9739198728a41e3fb0fb53b6;3.9.2;2023-09-25;1df4e1f;2023-07-26;70ae7649;2023-09-22;filter, parser, deduplicator, istex, crossref, sudoc, hal, enhancer, geolocalizer, cut, on-campus-counter, qualifier, anonymizer;;;;FR;47.8818;1.8695;66c7cc2d22426d84f22b812057e43f26a05d368d;;https://www.labase-lextenso.fr:443/revue-francaise-de-finances-publiques/RFFP2012-117-023?em=emprunt%20ressource%20de%20tr%C3%A9sorerie%20Etat;200;105720
2023-09-16T22:05:45+02:00;2023-09-16;f18134eb43961e56ed3563dc542b2cde44e51401;lextenso;Lextenso;Lextenso éditions;ARTICLE;HTML;0294-0833;;RFFP;;Revue française de finances publiques;;RFFP2020152014;www.labase-lextenso.fr;N;f94f74b11aa3161f2bd661728ca82b8ccb44e534;3.9.2;2023-09-25;1df4e1f;2023-07-26;70ae7649;2023-09-22;filter, parser, deduplicator, istex, crossref, sudoc, hal, enhancer, geolocalizer, cut, on-campus-counter, qualifier, anonymizer;;;;FR;47.8818;1.8695;66c7cc2d22426d84f22b812057e43f26a05d368d;;https://www.labase-lextenso.fr:443/revue-francaise-de-finances-publiques/RFFP2020-152-014?em=capital%20de%20la%20dette%20ressource%20de%20tr%C3%A9sorerie%20Etat;200;173690
2023-09-16T22:07:45+02:00;2023-09-16;f18134eb43961e56ed3563dc542b2cde44e51401;lextenso;Lextenso;Lextenso éditions;ARTICLE;HTML;0294-0833;;RFFP;;Revue française de finances publiques;;RFFP2016135009;www.labase-lextenso.fr;N;98c65fa721839fc208209079cb7d896965cc137c;3.9.2;2023-09-25;1df4e1f;2023-07-26;70ae7649;2023-09-22;filter, parser, deduplicator, istex, crossref, sudoc, hal, enhancer, geolocalizer, cut, on-campus-counter, qualifier, anonymizer;;;;FR;47.8818;1.8695;66c7cc2d22426d84f22b812057e43f26a05d368d;;https://www.labase-lextenso.fr:443/revue-francaise-de-finances-publiques/RFFP2016-135-009?em=capital%20de%20la%20dette%20ressource%20de%20tr%C3%A9sorerie%20Etat;200;187627
2023-09-16T22:20:44+02:00;2023-09-16;f18134eb43961e56ed3563dc542b2cde44e51401;lextenso;Lextenso;Lextenso éditions;ARTICLE;HTML;0294-0833;;RFFP;;Revue française de finances publiques;;RFFP2016135022;www.labase-lextenso.fr;N;ae173fee55bc30a2330058a7a1d3cf1a151a0c65;3.9.2;2023-09-25;1df4e1f;2023-07-26;70ae7649;2023-09-22;filter, parser, deduplicator, istex, crossref, sudoc, hal, enhancer, geolocalizer, cut, on-campus-counter, qualifier, anonymizer;;;;FR;47.8818;1.8695;66c7cc2d22426d84f22b812057e43f26a05d368d;;https://www.labase-lextenso.fr:443/revue-francaise-de-finances-publiques/RFFP2016-135-022?em=remboursement%20capital%20de%20la%20dette%20Etat%20LOLF;200;189829
2023-09-16T22:22:38+02:00;2023-09-16;f18134eb43961e56ed3563dc542b2cde44e51401;lextenso;Lextenso;Lextenso éditions;ARTICLE;HTML;0294-0833;;RFFP;;Revue française de finances publiques;;RFFP2022159008;www.labase-lextenso.fr;N;b65329f3535122ab2fa73d76766929c9af17215e;3.9.2;2023-09-25;1df4e1f;2023-07-26;70ae7649;2023-09-22;filter, parser, deduplicator, istex, crossref, sudoc, hal, enhancer, geolocalizer, cut, on-campus-counter, qualifier, anonymizer;;;;FR;47.8818;1.8695;66c7cc2d22426d84f22b812057e43f26a05d368d;;https://www.labase-lextenso.fr:443/revue-francaise-de-finances-publiques/RFFP2022-159-008?em=remboursement%20capital%20de%20la%20dette%20Etat%20LOLF;200;134829
2023-09-16T22:23:51+02:00;2023-09-16;f18134eb43961e56ed3563dc542b2cde44e51401;lextenso;Lextenso;Lextenso éditions;ARTICLE;HTML;0294-0833;;RFFP;;Revue française de finances publiques;;RFFP2022159008;www.labase-lextenso.fr;N;e88e83bd90239767aa85b26e19ad44ffd39f4a79;3.9.2;2023-09-25;1df4e1f;2023-07-26;70ae7649;2023-09-22;filter, parser, deduplicator, istex, crossref, sudoc, hal, enhancer, geolocalizer, cut, on-campus-counter, qualifier, anonymizer;;;;FR;47.8818;1.8695;66c7cc2d22426d84f22b812057e43f26a05d368d;;https://www.labase-lextenso.fr:443/revue-francaise-de-finances-publiques/RFFP2022-159-008?em=remboursement%20capital%20de%20la%20dette%20Etat%20LOLF;200;134829
2023-09-16T22:25:02+02:00;2023-09-16;f18134eb43961e56ed3563dc542b2cde44e51401;lextenso;Lextenso;Lextenso éditions;ARTICLE;HTML;0294-0833;;RFFP;;Revue française de finances publiques;;RFFP2012117014;www.labase-lextenso.fr;N;41444c11c920008916250cb37b918deff95791de;3.9.2;2023-09-25;1df4e1f;2023-07-26;70ae7649;2023-09-22;filter, parser, deduplicator, istex, crossref, sudoc, hal, enhancer, geolocalizer, cut, on-campus-counter, qualifier, anonymizer;;;;FR;47.8818;1.8695;66c7cc2d22426d84f22b812057e43f26a05d368d;;https://www.labase-lextenso.fr:443/revue-francaise-de-finances-publiques/RFFP2012-117-014?em=remboursement%20capital%20de%20la%20dette%20Etat%20LOLF;200;133377
2023-09-16T22:25:14+02:00;2023-09-16;f18134eb43961e56ed3563dc542b2cde44e51401;lextenso;Lextenso;Lextenso éditions;ARTICLE;HTML;0294-0833;;RFFP;;Revue française de finances publiques;;RFFP2011116013;www.labase-lextenso.fr;N;edba5fe2a2d73eb6a07dfd7da48de21c6a87178e;3.9.2;2023-09-25;1df4e1f;2023-07-26;70ae7649;2023-09-22;filter, parser, deduplicator, istex, crossref, sudoc, hal, enhancer, geolocalizer, cut, on-campus-counter, qualifier, anonymizer;;;;FR;47.8818;1.8695;66c7cc2d22426d84f22b812057e43f26a05d368d;;https://www.labase-lextenso.fr:443/revue-francaise-de-finances-publiques/RFFP2011-116-013?em=remboursement%20capital%20de%20la%20dette%20Etat%20LOLF;200;133278
2023-09-16T22:28:31+02:00;2023-09-16;f18134eb43961e56ed3563dc542b2cde44e51401;lextenso;Lextenso;Lextenso éditions;ARTICLE;HTML;0294-0833;;RFFP;;Revue française de finances publiques;;RFFP2023162011;www.labase-lextenso.fr;N;733052b1b918831aa21df8e87cab976ee831065c;3.9.2;2023-09-25;1df4e1f;2023-07-26;70ae7649;2023-09-22;filter, parser, deduplicator, istex, crossref, sudoc, hal, enhancer, geolocalizer, cut, on-campus-counter, qualifier, anonymizer;;;;FR;47.8818;1.8695;66c7cc2d22426d84f22b812057e43f26a05d368d;;https://www.labase-lextenso.fr:443/revue-francaise-de-finances-publiques/RFFP2023-162-011?em=article%2025%20%20LOLF;200;196561
2023-09-16T22:55:39+02:00;2023-09-16;17cf8c5a9fc72eaa1144b10dcfa90d4dcaa494df;europresse;Europresse;CEDROM-SNi;ARTICLE;PDF;;;;;;;pdf·20230916·NIC_P·1;nouveau.europresse.com;N;d5a51b5023c7f6c4c599b563cd495c6f606deb48;3.9.2;2023-09-25;1df4e1f;2023-07-26;70ae7649;2023-09-22;filter, parser, deduplicator, istex, crossref, sudoc, hal, enhancer, geolocalizer, cut, on-campus-counter, qualifier, anonymizer;;;;FR;41.3874;9.1594;40350f5d4f06feebe44d5026424a4dedc06076e4;;https://nouveau.europresse.com:443/Pdf/ImageList?docName=pdf%C2%B720230916%C2%B7NIC_P%C2%B71;200;1243
2023-09-16T22:56:05+02:00;2023-09-16;17cf8c5a9fc72eaa1144b10dcfa90d4dcaa494df;europresse;Europresse;CEDROM-SNi;ARTICLE;PDF;;;;;;;pdf·20230916·NIC_P·2;nouveau.europresse.com;N;90623332d60552acb915810f96c30227ef759383;3.9.2;2023-09-25;1df4e1f;2023-07-26;70ae7649;2023-09-22;filter, parser, deduplicator, istex, crossref, sudoc, hal, enhancer, geolocalizer, cut, on-campus-counter, qualifier, anonymizer;;;;FR;41.3874;9.1594;40350f5d4f06feebe44d5026424a4dedc06076e4;;https://nouveau.europresse.com:443/Pdf/ImageList?docName=pdf%C2%B720230916%C2%B7NIC_P%C2%B72;200;1243
2023-09-16T22:56:30+02:00;2023-09-16;17cf8c5a9fc72eaa1144b10dcfa90d4dcaa494df;europresse;Europresse;CEDROM-SNi;ARTICLE;PDF;;;;;;;pdf·20230916·NIC_P·3;nouveau.europresse.com;N;e29781804abe310a9c51f3c460f4915ab277407d;3.9.2;2023-09-25;1df4e1f;2023-07-26;70ae7649;2023-09-22;filter, parser, deduplicator, istex, crossref, sudoc, hal, enhancer, geolocalizer, cut, on-campus-counter, qualifier, anonymizer;;;;FR;41.3874;9.1594;40350f5d4f06feebe44d5026424a4dedc06076e4;;https://nouveau.europresse.com:443/Pdf/ImageList?docName=pdf%C2%B720230916%C2%B7NIC_P%C2%B73;200;1242
2023-09-16T22:57:14+02:00;2023-09-16;17cf8c5a9fc72eaa1144b10dcfa90d4dcaa494df;europresse;Europresse;CEDROM-SNi;ARTICLE;PDF;;;;;;;pdf·20230916·NIC_P·4;nouveau.europresse.com;N;9777730906d3a4ae4fe5ebf71dfbc2bdb933e3a9;3.9.2;2023-09-25;1df4e1f;2023-07-26;70ae7649;2023-09-22;filter, parser, deduplicator, istex, crossref, sudoc, hal, enhancer, geolocalizer, cut, on-campus-counter, qualifier, anonymizer;;;;FR;41.3874;9.1594;40350f5d4f06feebe44d5026424a4dedc06076e4;;https://nouveau.europresse.com:443/Pdf/ImageList?docName=pdf%C2%B720230916%C2%B7NIC_P%C2%B74;200;1243
2023-09-16T22:57:37+02:00;2023-09-16;17cf8c5a9fc72eaa1144b10dcfa90d4dcaa494df;europresse;Europresse;CEDROM-SNi;ARTICLE;PDF;;;;;;;pdf·20230916·NIC_P·5;nouveau.europresse.com;N;2f73364abb9517a895bfb86a522fc2c9fc4006cc;3.9.2;2023-09-25;1df4e1f;2023-07-26;70ae7649;2023-09-22;filter, parser, deduplicator, istex, crossref, sudoc, hal, enhancer, geolocalizer, cut, on-campus-counter, qualifier, anonymizer;;;;FR;41.3874;9.1594;40350f5d4f06feebe44d5026424a4dedc06076e4;;https://nouveau.europresse.com:443/Pdf/ImageList?docName=pdf%C2%B720230916%C2%B7NIC_P%C2%B75;200;1242
2023-09-16T22:57:47+02:00;2023-09-16;17cf8c5a9fc72eaa1144b10dcfa90d4dcaa494df;europresse;Europresse;CEDROM-SNi;ARTICLE;PDF;;;;;;;pdf·20230916·NIC_P·6;nouveau.europresse.com;N;2d9dde239da8162b72d3e34e3d44439aac497b1a;3.9.2;2023-09-25;1df4e1f;2023-07-26;70ae7649;2023-09-22;filter, parser, deduplicator, istex, crossref, sudoc, hal, enhancer, geolocalizer, cut, on-campus-counter, qualifier, anonymizer;;;;FR;41.3874;9.1594;40350f5d4f06feebe44d5026424a4dedc06076e4;;https://nouveau.europresse.com:443/Pdf/ImageList?docName=pdf%C2%B720230916%C2%B7NIC_P%C2%B76;200;1243
2023-09-16T22:58:15+02:00;2023-09-16;17cf8c5a9fc72eaa1144b10dcfa90d4dcaa494df;europresse;Europresse;CEDROM-SNi;ARTICLE;PDF;;;;;;;pdf·20230916·NIC_P·7;nouveau.europresse.com;N;0addd7b6709d0ead6f9bb950f74026f6c720994e;3.9.2;2023-09-25;1df4e1f;2023-07-26;70ae7649;2023-09-22;filter, parser, deduplicator, istex, crossref, sudoc, hal, enhancer, geolocalizer, cut, on-campus-counter, qualifier, anonymizer;;;;FR;41.3874;9.1594;40350f5d4f06feebe44d5026424a4dedc06076e4;;https://nouveau.europresse.com:443/Pdf/ImageList?docName=pdf%C2%B720230916%C2%B7NIC_P%C2%B77;200;1243
2023-09-16T22:58:21+02:00;2023-09-16;3de1b44a472f4bb4f1719189b95c44a1f74cf8a8;europresse;Europresse;CEDROM-SNi;SEARCH;HTML;;;;;;;;nouveau.europresse.com;N;64e2b6df2c0e6ff4f8fc7b316b6e14f741f4f88c;3.9.2;2023-09-25;1df4e1f;2023-07-26;70ae7649;2023-09-22;filter, parser, deduplicator, istex, crossref, sudoc, hal, enhancer, geolocalizer, cut, on-campus-counter, qualifier, anonymizer;;;;FR;47.7497;7.402;2fdf96eec615a264908105786dc5e4be13a5cf04;;https://nouveau.europresse.com:443/Search/ResultMobile;200;81136
2023-09-16T22:58:21+02:00;2023-09-16;17cf8c5a9fc72eaa1144b10dcfa90d4dcaa494df;europresse;Europresse;CEDROM-SNi;ARTICLE;PDF;;;;;;;pdf·20230916·NIC_P·8;nouveau.europresse.com;N;2c8f28fc6f27f2c1088142904987a377e6994507;3.9.2;2023-09-25;1df4e1f;2023-07-26;70ae7649;2023-09-22;filter, parser, deduplicator, istex, crossref, sudoc, hal, enhancer, geolocalizer, cut, on-campus-counter, qualifier, anonymizer;;;;FR;41.3874;9.1594;40350f5d4f06feebe44d5026424a4dedc06076e4;;https://nouveau.europresse.com:443/Pdf/ImageList?docName=pdf%C2%B720230916%C2%B7NIC_P%C2%B78;200;1243
2023-09-16T22:58:26+02:00;2023-09-16;17cf8c5a9fc72eaa1144b10dcfa90d4dcaa494df;europresse;Europresse;CEDROM-SNi;ARTICLE;PDF;;;;;;;pdf·20230916·NIC_P·9;nouveau.europresse.com;N;e0d22b46f648596a75457d81ebdcd5e45f8cf675;3.9.2;2023-09-25;1df4e1f;2023-07-26;70ae7649;2023-09-22;filter, parser, deduplicator, istex, crossref, sudoc, hal, enhancer, geolocalizer, cut, on-campus-counter, qualifier, anonymizer;;;;FR;41.3874;9.1594;40350f5d4f06feebe44d5026424a4dedc06076e4;;https://nouveau.europresse.com:443/Pdf/ImageList?docName=pdf%C2%B720230916%C2%B7NIC_P%C2%B79;200;1243
2023-09-16T22:58:34+02:00;2023-09-16;17cf8c5a9fc72eaa1144b10dcfa90d4dcaa494df;europresse;Europresse;CEDROM-SNi;ARTICLE;PDF;;;;;;;pdf·20230916·NIC_P·10;nouveau.europresse.com;N;0b910370ff5b9b462dfbfdbcb5cf66c5019f6f7b;3.9.2;2023-09-25;1df4e1f;2023-07-26;70ae7649;2023-09-22;filter, parser, deduplicator, istex, crossref, sudoc, hal, enhancer, geolocalizer, cut, on-campus-counter, qualifier, anonymizer;;;;FR;41.3874;9.1594;40350f5d4f06feebe44d5026424a4dedc06076e4;;https://nouveau.europresse.com:443/Pdf/ImageList?docName=pdf%C2%B720230916%C2%B7NIC_P%C2%B710;200;1243
2023-09-16T22:58:39+02:00;2023-09-16;17cf8c5a9fc72eaa1144b10dcfa90d4dcaa494df;europresse;Europresse;CEDROM-SNi;ARTICLE;PDF;;;;;;;pdf·20230916·NIC_P·11;nouveau.europresse.com;N;052c9a28b7321f02ef5ea10cbf49430ff497f0cd;3.9.2;2023-09-25;1df4e1f;2023-07-26;70ae7649;2023-09-22;filter, parser, deduplicator, istex, crossref, sudoc, hal, enhancer, geolocalizer, cut, on-campus-counter, qualifier, anonymizer;;;;FR;41.3874;9.1594;40350f5d4f06feebe44d5026424a4dedc06076e4;;https://nouveau.europresse.com:443/Pdf/ImageList?docName=pdf%C2%B720230916%C2%B7NIC_P%C2%B711;200;1243
2023-09-16T22:58:47+02:00;2023-09-16;17cf8c5a9fc72eaa1144b10dcfa90d4dcaa494df;europresse;Europresse;CEDROM-SNi;ARTICLE;PDF;;;;;;;pdf·20230916·NIC_P·12;nouveau.europresse.com;N;8f9da6fcbdcd6bb20fbcbf344cddfb6101ccadfb;3.9.2;2023-09-25;1df4e1f;2023-07-26;70ae7649;2023-09-22;filter, parser, deduplicator, istex, crossref, sudoc, hal, enhancer, geolocalizer, cut, on-campus-counter, qualifier, anonymizer;;;;FR;41.3874;9.1594;40350f5d4f06feebe44d5026424a4dedc06076e4;;https://nouveau.europresse.com:443/Pdf/ImageList?docName=pdf%C2%B720230916%C2%B7NIC_P%C2%B712;200;1240
2023-09-16T22:58:55+02:00;2023-09-16;17cf8c5a9fc72eaa1144b10dcfa90d4dcaa494df;europresse;Europresse;CEDROM-SNi;ARTICLE;PDF;;;;;;;pdf·20230916·NIC_P·13;nouveau.europresse.com;N;a81f233bf84811be4b098466f30ad1162b4fdde3;3.9.2;2023-09-25;1df4e1f;2023-07-26;70ae7649;2023-09-22;filter, parser, deduplicator, istex, crossref, sudoc, hal, enhancer, geolocalizer, cut, on-campus-counter, qualifier, anonymizer;;;;FR;41.3874;9.1594;40350f5d4f06feebe44d5026424a4dedc06076e4;;https://nouveau.europresse.com:443/Pdf/ImageList?docName=pdf%C2%B720230916%C2%B7NIC_P%C2%B713;200;1243
2023-09-16T22:59:01+02:00;2023-09-16;17cf8c5a9fc72eaa1144b10dcfa90d4dcaa494df;europresse;Europresse;CEDROM-SNi;ARTICLE;PDF;;;;;;;pdf·20230916·NIC_P·14;nouveau.europresse.com;N;e2ce214f3f713fd8e661bf8e33efad016935d588;3.9.2;2023-09-25;1df4e1f;2023-07-26;70ae7649;2023-09-22;filter, parser, deduplicator, istex, crossref, sudoc, hal, enhancer, geolocalizer, cut, on-campus-counter, qualifier, anonymizer;;;;FR;41.3874;9.1594;40350f5d4f06feebe44d5026424a4dedc06076e4;;https://nouveau.europresse.com:443/Pdf/ImageList?docName=pdf%C2%B720230916%C2%B7NIC_P%C2%B714;200;1243
2023-09-16T22:59:21+02:00;2023-09-16;3de1b44a472f4bb4f1719189b95c44a1f74cf8a8;europresse;Europresse;CEDROM-SNi;ARTICLE;HTML;;;;;;;;nouveau.europresse.com;N;37650e963cb2f860f19c4f54121a7c666b7f8411;3.9.2;2023-09-25;1df4e1f;2023-07-26;70ae7649;2023-09-22;filter, parser, deduplicator, istex, crossref, sudoc, hal, enhancer, geolocalizer, cut, on-campus-counter, qualifier, anonymizer;;;;FR;47.7497;7.402;2fdf96eec615a264908105786dc5e4be13a5cf04;;https://nouveau.europresse.com:443/Document/View?viewEvent=1&docRefId=0&docName=news%C2%B720230902%C2%B7BP%C2%B74468ca835b4b40448749cf915a36dfb5&docIndex=46;200;29435
2023-09-16T22:59:25+02:00;2023-09-16;3de1b44a472f4bb4f1719189b95c44a1f74cf8a8;europresse;Europresse;CEDROM-SNi;ARTICLE;HTML;;;;;;;;nouveau.europresse.com;N;397d6503e9ae7e2cbfcad5e05a45a57061d89aeb;3.9.2;2023-09-25;1df4e1f;2023-07-26;70ae7649;2023-09-22;filter, parser, deduplicator, istex, crossref, sudoc, hal, enhancer, geolocalizer, cut, on-campus-counter, qualifier, anonymizer;;;;FR;47.7497;7.402;2fdf96eec615a264908105786dc5e4be13a5cf04;;https://nouveau.europresse.com:443/Document/View?viewEvent=1&docRefId=0&docName=news%C2%B720230909%C2%B7BP%C2%B73711c0a7fb5849b09de4ff304bb3c007&docIndex=47;200;27364
2023-09-16T22:59:34+02:00;2023-09-16;17cf8c5a9fc72eaa1144b10dcfa90d4dcaa494df;europresse;Europresse;CEDROM-SNi;ARTICLE;PDF;;;;;;;pdf·20230916·NIC_P·15;nouveau.europresse.com;N;e9340b6770e1edf712166a9a9f424c909d09f798;3.9.2;2023-09-25;1df4e1f;2023-07-26;70ae7649;2023-09-22;filter, parser, deduplicator, istex, crossref, sudoc, hal, enhancer, geolocalizer, cut, on-campus-counter, qualifier, anonymizer;;;;FR;41.3874;9.1594;40350f5d4f06feebe44d5026424a4dedc06076e4;;https://nouveau.europresse.com:443/Pdf/ImageList?docName=pdf%C2%B720230916%C2%B7NIC_P%C2%B715;200;1243
2023-09-16T22:59:58+02:00;2023-09-16;3de1b44a472f4bb4f1719189b95c44a1f74cf8a8;europresse;Europresse;CEDROM-SNi;ARTICLE;HTML;;;;;;;;nouveau.europresse.com;N;2717578e38018ba4c3c088209346cff99b8bfdd9;3.9.2;2023-09-25;1df4e1f;2023-07-26;70ae7649;2023-09-22;filter, parser, deduplicator, istex, crossref, sudoc, hal, enhancer, geolocalizer, cut, on-campus-counter, qualifier, anonymizer;;;;FR;47.7497;7.402;2fdf96eec615a264908105786dc5e4be13a5cf04;;https://nouveau.europresse.com:443/Document/View?viewEvent=1&docRefId=0&docName=news%C2%B720230819%C2%B7BP%C2%B773b6d790281943e8a48e0c4914aa0c51&docIndex=10;200;29901
2023-09-16T23:03:47+02:00;2023-09-16;3de1b44a472f4bb4f1719189b95c44a1f74cf8a8;europresse;Europresse;CEDROM-SNi;SEARCH;HTML;;;;;;;;nouveau.europresse.com;N;2358c311f4b99a759e5567a103fe359237b0c21f;3.9.2;2023-09-25;1df4e1f;2023-07-26;70ae7649;2023-09-22;filter, parser, deduplicator, istex, crossref, sudoc, hal, enhancer, geolocalizer, cut, on-campus-counter, qualifier, anonymizer;;;;FR;47.7497;7.402;2fdf96eec615a264908105786dc5e4be13a5cf04;;https://nouveau.europresse.com:443/Search/ResultMobile;200;59113
2023-09-16T23:03:54+02:00;2023-09-16;3de1b44a472f4bb4f1719189b95c44a1f74cf8a8;europresse;Europresse;CEDROM-SNi;ARTICLE;HTML;0998-4593;;BP;;Le Bien Public;;news·20230915·BP·923636eb87b84ca3acc4cfde69a6677f;nouveau.europresse.com;N;5c25462939b434b7c33b4d3a5e5fa4c727ffa1ab;3.9.2;2023-09-25;1df4e1f;2023-07-26;70ae7649;2023-09-22;filter, parser, deduplicator, istex, crossref, sudoc, hal, enhancer, geolocalizer, cut, on-campus-counter, qualifier, anonymizer;;;;FR;47.7497;7.402;2fdf96eec615a264908105786dc5e4be13a5cf04;;https://nouveau.europresse.com:443/Document/ViewMobile?docKey=news%C2%B720230915%C2%B7BP%C2%B7923636eb87b84ca3acc4cfde69a6677f&fromBasket=false&viewEvent=1&invoiceCode=;200;25343
2023-09-16T23:04:03+02:00;2023-09-16;3de1b44a472f4bb4f1719189b95c44a1f74cf8a8;europresse;Europresse;CEDROM-SNi;ARTICLE;PDF;;;BP_P;;;;pdf·20230915·BP_P·rdij33;nouveau.europresse.com;N;e6c55862ee80df8e164d02fe0667559309ddbbd8;3.9.2;2023-09-25;1df4e1f;2023-07-26;70ae7649;2023-09-22;filter, parser, deduplicator, istex, crossref, sudoc, hal, enhancer, geolocalizer, cut, on-campus-counter, qualifier, anonymizer;;;;FR;47.7497;7.402;2fdf96eec615a264908105786dc5e4be13a5cf04;;https://nouveau.europresse.com:443/WebPages/Pdf/Document.aspx?DocName=pdf%C2%B720230915%C2%B7BP_P%C2%B7rdij33;200;1313
2023-09-16T23:05:24+02:00;2023-09-16;3de1b44a472f4bb4f1719189b95c44a1f74cf8a8;europresse;Europresse;CEDROM-SNi;ARTICLE;HTML;0998-4593;;BP;;Le Bien Public;;news·20230915·BP·9097a007fb864bf6a81e29409a935c52;nouveau.europresse.com;N;cd53851abc5e2878d4d8a6af7d515615b8bb99e3;3.9.2;2023-09-25;1df4e1f;2023-07-26;70ae7649;2023-09-22;filter, parser, deduplicator, istex, crossref, sudoc, hal, enhancer, geolocalizer, cut, on-campus-counter, qualifier, anonymizer;;;;FR;47.7497;7.402;2fdf96eec615a264908105786dc5e4be13a5cf04;;https://nouveau.europresse.com:443/Document/ViewMobile?docKey=news%C2%B720230915%C2%B7BP%C2%B79097a007fb864bf6a81e29409a935c52&fromBasket=false&viewEvent=1&invoiceCode=;200;23043
2023-09-16T23:05:29+02:00;2023-09-16;3de1b44a472f4bb4f1719189b95c44a1f74cf8a8;europresse;Europresse;CEDROM-SNi;ARTICLE;PDF;;;BP_P;;;;pdf·20230915·BP_P·rdij33;nouveau.europresse.com;N;e63b5acb6935edd6bf32f00f3c792c99551f047e;3.9.2;2023-09-25;1df4e1f;2023-07-26;70ae7649;2023-09-22;filter, parser, deduplicator, istex, crossref, sudoc, hal, enhancer, geolocalizer, cut, on-campus-counter, qualifier, anonymizer;;;;FR;47.7497;7.402;2fdf96eec615a264908105786dc5e4be13a5cf04;;https://nouveau.europresse.com:443/WebPages/Pdf/Document.aspx?DocName=pdf%C2%B720230915%C2%B7BP_P%C2%B7rdij33;200;1314
2023-09-17T01:26:10+02:00;2023-09-17;ea030e717a906eb14980c09b43b431da90b4ab8b;europresse;Europresse;CEDROM-SNi;SEARCH;HTML;;;;;;;;nouveau.europresse.com;N;5eb92ee38a0c798fe39fd6965014845b45abc4fc;3.9.2;2023-09-25;1df4e1f;2023-07-26;70ae7649;2023-09-22;filter, parser, deduplicator, istex, crossref, sudoc, hal, enhancer, geolocalizer, cut, on-campus-counter, qualifier, anonymizer;;;;FR;48.8582;2.3387;c0ffcacab4137636d6738da201dea0fe6d9b0178;;https://nouveau.europresse.com:443/Search/ResultMobile;200;41960
2023-09-17T01:26:16+02:00;2023-09-17;ea030e717a906eb14980c09b43b431da90b4ab8b;europresse;Europresse;CEDROM-SNi;ARTICLE;HTML;;;PFR;;Le Parisien (site web);;news·20230916·PFR·653cc3c812a65ea81c25746ca30e318164475baf;nouveau.europresse.com;N;fdc45ae433afde4efd50bbd19a3f45e01aa936d7;3.9.2;2023-09-25;1df4e1f;2023-07-26;70ae7649;2023-09-22;filter, parser, deduplicator, istex, crossref, sudoc, hal, enhancer, geolocalizer, cut, on-campus-counter, qualifier, anonymizer;;;;FR;48.8582;2.3387;c0ffcacab4137636d6738da201dea0fe6d9b0178;;https://nouveau.europresse.com:443/Document/ViewMobile?docKey=news%C2%B720230916%C2%B7PFR%C2%B7653cc3c812a65ea81c25746ca30e318164475baf&fromBasket=false&viewEvent=1&invoiceCode=;200;41502
2023-09-17T05:34:32+02:00;2023-09-17;3857b8ab79cab893ed92b9121df35737116eb004;europresse;Europresse;CEDROM-SNi;ARTICLE;PDF;;;;;;;pdf·20230918·LM_P·1;nouveau.europresse.com;N;b6108c0204fd0057aa4bab97dbbcaec002e2e3ee;3.9.2;2023-09-25;1df4e1f;2023-07-26;70ae7649;2023-09-22;filter, parser, deduplicator, istex, crossref, sudoc, hal, enhancer, geolocalizer, cut, on-campus-counter, qualifier, anonymizer;;;;FR;41.591;9.2795;849904ad8149769be59ec9042373c49d41b9c82a;;https://nouveau.europresse.com:443/Pdf/ImageList?docName=pdf%C2%B720230918%C2%B7LM_P%C2%B71;200;1243
2023-09-17T05:36:54+02:00;2023-09-17;3857b8ab79cab893ed92b9121df35737116eb004;europresse;Europresse;CEDROM-SNi;ARTICLE;PDF;;;;;;;pdf·20230918·LM_P·11;nouveau.europresse.com;N;d8fb2ebd073319eb02f88dab495bef9516cbc91a;3.9.2;2023-09-25;1df4e1f;2023-07-26;70ae7649;2023-09-22;filter, parser, deduplicator, istex, crossref, sudoc, hal, enhancer, geolocalizer, cut, on-campus-counter, qualifier, anonymizer;;;;FR;41.591;9.2795;849904ad8149769be59ec9042373c49d41b9c82a;;https://nouveau.europresse.com:443/Pdf/ImageList?docName=pdf%C2%B720230918%C2%B7LM_P%C2%B711;200;1243
